#日期,机构,余额,活期余额
20190506,340101011,30593.69,8046.99
20190506,340101012,37833.23,17176.61
20190506,340101015,22973.57,5994.18
20190506,340101016,38150.82,9380.05
20190506,340101017,18465.54,5340.43
20190506,340101018,20633.22,5660.16
20190506,340101021,12474.67,4622.43
20190506,340101023,9521.99,3737.89
20190506,340101024,14812.23,2874.85
20190506,340101025,27893.31,6635.56
20190506,340101028,42021.91,11032.17
20190506,340101029,10366.57,2854.15
20190506,340101031,29545.5,7486.55
20190506,340101032,23764.72,6759.08
20190506,340101034,22469.83,6915.72
20190506,340101036,22165.76,5199.12
20190506,340101037,20438.23,7636.04
20190506,340101038,18678.09,4448.78
20190506,340101039,14125.66,2705.32
20190506,340101040,19403.62,4690.01
20190506,340101042,12759.47,3615.73
20190506,340101043,29725.08,5812.79
20190506,340101044,10982.04,3736.49
20190506,340101045,47147.89,7416.4
20190506,340101047,13649.45,3278.01
20190506,340101049,10449.96,3588.04
20190506,340101050,29567.71,7000.8
20190506,340101051,23641.38,12041.41
20190506,340101052,15349.57,2925.16
20190506,340101053,12518.5,3478.28
20190506,340101054,13826.81,5215.49
20190506,340101057,13879.9,4423.83
20190506,340101059,10911.3,2441.44
20190506,340101061,13663.51,4304.17
20190506,340101062,14885.99,4954.01
20190506,340101064,36246.97,10767.53
20190506,340101065,22294,4177.36
20190506,340101066,6367.66,1469.92
20190506,340101067,13575.98,5322.41
20190506,340121001,21199.12,7106.25
20190506,340121003,7307.45,3120.02
20190506,340121004,18283.2,6634.76
20190506,340121005,37009.33,10021.95
20190506,340121007,31917.18,8864.31
20190506,340121008,23129.9,6805.22
20190506,340121009,22621.04,9875.13
20190506,340121010,17059.04,6970.07
20190506,340121011,29367.35,13449.34
20190506,340121017,16831.13,5819.37
20190506,340121018,23093.37,8410.55
20190506,340121020,5950.14,2010.42
20190506,340122001,38764.43,13053.08
20190506,340122002,34067.4,9171.2
20190506,340122003,14518.78,2886.15
20190506,340122004,8355.85,3381.78
20190506,340122005,3539.97,1205.77
20190506,340122006,33214.88,9019.87
20190506,340122007,21370.06,3701.35
20190506,340122008,24972,7544.98
20190506,340122009,24157.47,9500.81
20190506,340122011,32261.29,4787.27
20190506,340122012,15834.89,3239.4
20190506,340122013,20180.34,6120.28
20190506,340122014,19644.88,5128.96
20190506,340122015,14339.15,4073.01
20190506,340122016,23687.74,4604.56
20190506,340122017,16008.65,5884.42
20190506,340122018,12774.81,5368.99
20190506,340122019,22714.41,3333.37
20190506,340122020,26906.35,8555.29
20190506,340122021,25202.52,7070.79
20190506,340123001,32763.71,8247.88
20190506,340123005,49182.46,9901.57
20190506,340123006,35003.94,8161.55
20190506,340123007,52233.49,9503.34
20190506,340123008,43356.9,9894.02
20190506,340123010,25781.59,6172.19
20190506,340123011,55127.74,14936.13
20190506,340123013,43719.41,9912.98
20190506,340123014,24250.65,4893.01
20190506,340123015,34295.73,7646.59
20190506,340123016,36647.39,7045.56
20190506,340123018,35354.94,10159.18
20190506,340123019,33618.64,7264.54
20190506,340124001,19718.33,4953.55
20190506,340124002,44303.01,12036.25
20190506,340124003,24077.71,4458.31
20190506,340124004,35859.6,4466.13
20190506,340124005,32855.32,5454.17
20190506,340124006,23831.36,4935.37
20190506,340124008,32295.04,3286.54
20190506,340124009,43181.26,5750.22
20190506,340124010,11608.08,2330.1
20190506,340124011,30936.38,5681.31
20190506,340124012,23885.83,3322.64
20190506,340124013,18852.53,3181.28
20190506,340124014,33110.1,7935.46
20190506,340124015,27931.15,5119.7
20190506,340124016,27737.56,5316.14
20190506,340124017,19090.3,3793.26
20190506,340124018,29757.28,6233.6
20190506,340124019,17844.52,2136.76
20190506,340124020,4611.43,888.68
20190506,340124021,16722.58,3326.19
20190506,340124022,26654.8,3566.43
20190506,340124023,8951.46,1796.5
20190506,340124024,24915.04,2133.69
20190506,340124025,16743.48,5162.85
20190506,340181003,13152.29,2266.66
20190506,340181004,24063.65,7165.58
20190506,340181005,17470.24,2926.31
20190506,340181006,22154.2,3605.83
20190506,340181007,21979.75,3656.62
20190506,340181008,8466.42,1808.44
20190506,340181009,12544.14,2223.58
20190506,340181010,39164.83,8660.93
20190506,340181011,23879.75,6733.87
20190506,340181012,17441.49,5209.52
20190506,340181013,12686.2,2770.19
20190506,340181016,21069.55,2274.18
20190506,340181017,24429.45,3943.33
20190506,340181018,28815.36,4172.28
20190506,340181020,36793.26,6342.38
20190506,340181021,25719.54,3522.14
20190506,340181022,21814.37,3807.27
20190506,340181023,21697.76,5432.45
20190506,340181024,13703.84,2765.98
20190506,340181025,17708.34,2116.39
20190506,340181026,15907.36,4606.63
20190506,340201002,8544.16,2043.18
20190506,340201005,12221.3,2506.5
20190506,340201006,11955.16,2475.21
20190506,340201010,9814.66,2042.11
20190506,340201011,9241.02,1938.93
20190506,340201013,11786.44,2213.02
20190506,340201015,11529.51,2786.57
20190506,340201016,18279.4,3821.45
20190506,340201017,14978.52,4046.02
20190506,340201018,15012.43,2661.21
20190506,340201019,11038.87,1909.85
20190506,340201020,17792.81,4430.04
20190506,340201021,19680.41,4982.79
20190506,340201022,9468.41,1768.42
20190506,340201023,12597.8,2509.68
20190506,340201024,10949.6,2591.96
20190506,340201026,17867.59,5119.32
20190506,340201027,11752.21,2964.85
20190506,340201028,16266.72,3194.22
20190506,340201032,10638.22,3408.96
20190506,340201034,9813.69,2526.95
20190506,340201037,31762.8,4877.66
20190506,340201038,10938.29,2303.87
20190506,340201039,30879.81,9544.03
20190506,340201040,34135.01,6061.7
20190506,340201041,22974.74,4548.2
20190506,340201042,28569.58,6675.09
20190506,340201043,36907.34,7082.19
20190506,340201044,18634.91,4056.03
20190506,340201045,38782.37,8375.46
20190506,340201047,21120.76,6424.44
20190506,340201049,13410.93,3827.85
20190506,340201052,29082.77,6279.22
20190506,340201053,17911.12,3873.38
20190506,340201054,49403.76,10344.97
20190506,340201055,23097.28,4264.88
20190506,340221002,18141.11,5206.14
20190506,340221003,18424.91,4596.97
20190506,340221004,19087.43,5175.44
20190506,340221007,18043.23,4293.51
20190506,340221010,27546.52,8859.3
20190506,340221012,29854.21,4826.3
20190506,340221013,31787.34,8184.45
20190506,340222002,14861.77,3449.42
20190506,340222003,37415.82,7526.97
20190506,340222005,13127.13,2388.02
20190506,340222007,21539.12,4787.92
20190506,340222009,10063.63,1757.56
20190506,340222010,25903.39,4851.74
20190506,340222011,32208.91,5387.43
20190506,340222012,14631.32,2270.54
20190506,340222016,10804.49,2553.3
20190506,340222017,15414.18,3111.48
20190506,340222022,18192,3894.41
20190506,340223002,42853.78,8246.08
20190506,340223003,34192.88,6246.86
20190506,340223004,29784.92,6601.7
20190506,340223005,40516.28,9627.6
20190506,340223006,47716.11,8220.68
20190506,340223008,28366.66,4866.53
20190506,340223009,29240.28,5322.41
20190506,340223010,18094.77,3470.32
20190506,340223011,17215.11,3961.75
20190506,340223012,23622.09,4752.19
20190506,340223013,16862.61,3349.55
20190506,340223014,19551.48,3618.84
20190506,340223017,11079.6,1691.41
20190506,340223018,11734.11,1585.14
20190506,340225001,28226.53,9956.94
20190506,340225002,29778.04,5892.66
20190506,340225004,48089.21,5600.46
20190506,340225006,23057.09,3549.73
20190506,340225007,67311.93,15398.66
20190506,340225008,37680.84,4374.61
20190506,340225009,29829.64,5867.28
20190506,340225010,21300.95,4072.06
20190506,340225011,21842.34,3489.88
20190506,340225012,29668.73,6593.43
20190506,340225013,24378.09,5012.31
20190506,340225014,38400.76,8967.92
20190506,340225015,41532.26,7049.73
20190506,340225016,27461.69,4297.83
20190506,340225017,44634.11,12718.52
20190506,340225018,24705.01,6433.01
20190506,340225019,19006.05,3971.7
20190506,340225020,10755.63,1572.28
20190506,340225021,16330.01,2323.06
20190506,340225022,9730.67,2024.22
20190506,340301002,6908.63,2355.06
20190506,340301003,5852.17,1597.12
20190506,340301004,12419.99,4129.77
20190506,340301007,7713.95,2507.71
20190506,340301008,7435.6,1676.79
20190506,340301009,7193.48,1796.78
20190506,340301010,12691.4,4104.5
20190506,340301011,11403.63,2679.66
20190506,340301013,9972.64,2577.69
20190506,340301014,9312.02,2018.19
20190506,340301015,4088.62,1121.85
20190506,340301016,15378.1,2379.89
20190506,340301017,9533.42,2650.43
20190506,340301018,6457.84,2046.57
20190506,340301019,2362.13,852.08
20190506,340301020,9761.63,2413.45
20190506,340301021,7526.78,1865.19
20190506,340301022,12498.66,4213.71
20190506,340301024,9259.66,3266.52
20190506,340301025,24618.36,8740.81
20190506,340301026,21003.72,4861.34
20190506,340321002,8883.49,3901.57
20190506,340321003,15406.28,9850.85
20190506,340321004,11857.02,6893.96
20190506,340321005,12356.44,5544.41
20190506,340321006,11608.9,5499.92
20190506,340321007,14249.4,6324.04
20190506,340321008,8981.03,4509.24
20190506,340321009,13124.3,7002.39
20190506,340321010,17689.33,9731.87
20190506,340321011,24855.29,13833.54
20190506,340321012,12977.26,6484.62
20190506,340321013,9546.78,3147.73
20190506,340321014,10322.08,6571.98
20190506,340321015,12269.07,6752.45
20190506,340321016,10017.94,5382.47
20190506,340321018,12703.22,9981.02
20190506,340321019,14773.15,9120.76
20190506,340321020,10458.81,5388.14
20190506,340321021,13101.52,6071.78
20190506,340321023,10632.11,5399.27
20190506,340321024,10118.2,5358.92
20190506,340321025,18526.67,9615.23
20190506,340322001,16296.89,5809.52
20190506,340322002,33210.52,12075.94
20190506,340322003,12044.51,4664.44
20190506,340322004,24216.43,10389.78
20190506,340322005,20489.55,6990.27
20190506,340322006,26697.57,8694.81
20190506,340322007,19280.81,6635.84
20190506,340322008,29744.56,11989.43
20190506,340322010,29276.76,10121.17
20190506,340322011,27044.19,10730.25
20190506,340322012,19551.98,7285.64
20190506,340322013,19002.64,6877.26
20190506,340322015,13453.88,4552.32
20190506,340322016,20620.02,6973.45
20190506,340322017,15867.89,6807.64
20190506,340322021,10967.6,3437.82
20190506,340323001,11386.02,4496.73
20190506,340323002,10661.92,4052.18
20190506,340323003,19245.24,6549.27
20190506,340323006,19552.1,7147.81
20190506,340323007,23071.77,6214.49
20190506,340323008,18211.55,7069.89
20190506,340323009,16553.21,5760.23
20190506,340323010,16310.68,6928.75
20190506,340323011,13582.82,6163.03
20190506,340323012,15036.87,5743.52
20190506,340323013,6010.01,1738.89
20190506,340323014,7519.21,2910.13
20190506,340323015,5193.52,2374.59
20190506,340323016,14541.36,5232.69
20190506,340323017,19327.68,7481.4
20190506,340323018,12768.88,4037.09
20190506,340323019,14164.98,6568.67
20190506,340323020,10807.45,4240.41
20190506,340323021,9191.65,3653.11
20190506,340323022,11729.22,4941.08
20190506,340323023,10524.39,3592.62
20190506,340323024,12902.52,4642.34
20190506,340401002,9980.97,2554.7
20190506,340401004,12914.2,2638.63
20190506,340401005,11904.92,1946.23
20190506,340401006,11253.76,2049.1
20190506,340401007,8245.82,1663.49
20190506,340401009,22379.17,3139.16
20190506,340401010,10551.43,2289.48
20190506,340401011,17039.92,3926.29
20190506,340401012,12447.31,2082.48
20190506,340401013,13212.12,3583.47
20190506,340401014,24052.05,3603.48
20190506,340401015,13810.07,2545.19
20190506,340401016,14631.74,3683.85
20190506,340401017,14943.3,3194.13
20190506,340401018,14543.14,2629.58
20190506,340401019,15730.18,1648.25
20190506,340401020,23444.28,4001.74
20190506,340401021,16621.46,3463.51
20190506,340401022,19827.73,3628.21
20190506,340401026,24791.66,4566.01
20190506,340401028,15406.82,1906.6
20190506,340401029,20153.14,4292.42
20190506,340401031,16563.12,3142.51
20190506,340401032,20425.45,2781.81
20190506,340401033,20187.74,3978.12
20190506,340401035,13559.96,1514.24
20190506,340401036,16271.61,3195.76
20190506,340401038,12210.08,1412.33
20190506,340401040,25934.4,5469.5
20190506,340401041,14231.55,6845.35
20190506,340401042,33480.04,9147.74
20190506,340401043,26274.28,4360.68
20190506,340401047,35994.13,10654.14
20190506,340401048,19026.44,4104.37
20190506,340401049,17940.74,4525.93
20190506,340401051,21093.17,6432.05
20190506,340401052,15496.83,2479.48
20190506,340401053,14049.58,2487.82
20190506,340421002,20331.32,5846.03
20190506,340421003,30153.71,7886.94
20190506,340421004,51737.95,13817.88
20190506,340421005,32158.03,9791.2
20190506,340421006,26838.42,7727.86
20190506,340421007,25145.51,9277.89
20190506,340421008,43046.68,11281.22
20190506,340421009,27447.34,8314.97
20190506,340421010,34526.72,8875.95
20190506,340421012,25471.64,6465.67
20190506,340421013,30043.79,8433.82
20190506,340421014,24504.21,8450.28
20190506,340421015,31832.1,8726.21
20190506,340421016,26882.21,6293.99
20190506,340421017,34594.3,8070.9
20190506,340421019,23941.29,6120.27
20190506,340422101,32846.29,9118.58
20190506,340422102,18081.16,6252.49
20190506,340422103,19255.89,4296.85
20190506,340422105,19986.36,4354.74
20190506,340422106,32188.78,5824.1
20190506,340422107,14268.8,4489.21
20190506,340422108,20607.49,6698.87
20190506,340422109,18150.48,2601.93
20190506,340422110,17697.14,4440.53
20190506,340422111,22728.44,7430.82
20190506,340422112,25401.17,6062.68
20190506,340422113,7836.57,2423.53
20190506,340422114,22889.89,6209.21
20190506,340422115,10160.6,3269.59
20190506,340422117,28590.64,7982.85
20190506,340422118,39175.82,6965.77
20190506,340422119,18292.19,3678.44
20190506,340422120,21829.21,4610.23
20190506,340422121,39442.96,6139.17
20190506,340422122,27600.25,5841.39
20190506,340422123,12665.95,2382.68
20190506,340422125,18554.26,3708.41
20190506,340422126,28502.92,4795.61
20190506,340422127,14275.16,2628.8
20190506,340422128,35882.17,7043.14
20190506,340422129,14058.3,3645.45
20190506,340501001,6146.89,1243.41
20190506,340501003,14628.43,2531.07
20190506,340501004,10650.08,1363.49
20190506,340501006,5160.99,1148.65
20190506,340501007,8729.51,1562.91
20190506,340501008,6498.26,2087.21
20190506,340501009,19716.09,2866.18
20190506,340501010,9694.24,2433.65
20190506,340501012,8247.5,2022.89
20190506,340501013,7348.6,1136.03
20190506,340501014,19422.29,2437.36
20190506,340501015,8773.69,1429.42
20190506,340501016,4644.24,728.72
20190506,340501017,11193.67,1723.33
20190506,340501019,18846.94,4149.45
20190506,340501020,12712.35,1814.09
20190506,340501021,14757.91,2038.07
20190506,340501023,13282.52,1439.49
20190506,340501025,11137.21,2020.08
20190506,340501029,14518.82,2107.06
20190506,340501030,18974.49,3737.41
20190506,340521001,37192.15,6677.57
20190506,340521003,15043.97,2347.99
20190506,340521004,21768.58,4828.44
20190506,340521006,28963.99,3615.06
20190506,340521010,23298.85,5645.71
20190506,340521011,11793.6,2741.36
20190506,340521012,23053.38,6868.39
20190506,340521013,20979.17,3341.49
20190506,340521014,21000.13,3997.42
20190506,340521017,12737.31,3315.16
20190506,340521019,14888.36,3692.37
20190506,340521020,22574.89,4261.26
20190506,340521021,28805.62,5462.78
20190506,340521022,31673.74,5374.81
20190506,340521023,22600.03,6074.27
20190506,340521024,18351.72,6027.57
20190506,340521025,9857.27,3928.46
20190506,340522001,15820.87,3274.37
20190506,340522003,24702.28,4937.04
20190506,340522004,10825.44,1822.04
20190506,340522006,27239.69,6276.22
20190506,340522007,13561.6,3601.97
20190506,340522008,19041.7,5840.09
20190506,340522009,15492.1,3808.4
20190506,340522010,6936.16,1479.63
20190506,340522011,11190.96,2088.43
20190506,340522013,30443.62,4677.18
20190506,340522015,6542.18,1521.08
20190506,340523001,35278.26,7408.6
20190506,340523002,19086.9,4295.14
20190506,340523004,14835.52,2396.53
20190506,340523005,31691,4971.02
20190506,340523006,15838.52,2081.63
20190506,340523007,17584.63,5676.48
20190506,340523008,30512.08,5560.29
20190506,340523009,23442.21,6697.03
20190506,340523010,21429.2,4559.59
20190506,340523012,41856.69,6142.82
20190506,340523013,22081.95,3225.76
20190506,340601002,9891.03,2807.71
20190506,340601003,12278.08,2341.01
20190506,340601006,12067.53,3954.61
20190506,340601007,14615.8,4506.27
20190506,340601008,13761.68,4119.41
20190506,340601009,16030.81,4725.74
20190506,340601010,8773.21,1842.42
20190506,340601011,20381.13,3951.53
20190506,340601013,25825.48,4421.09
20190506,340601016,9271.37,2024.99
20190506,340601017,13257.23,3335.77
20190506,340601018,12970.46,1913.37
20190506,340601019,12677.22,2029.54
20190506,340601020,11468.06,1718.06
20190506,340601021,20437.85,4405.93
20190506,340601023,14416.25,2242.99
20190506,340601024,11905.49,2735.89
20190506,340601026,32802.78,5653.77
20190506,340601027,15710.29,3726.93
20190506,340601028,12158.79,3195.78
20190506,340601030,21678.92,5565.79
20190506,340601031,26595.24,5648.82
20190506,340601032,27823.81,5350.69
20190506,340601033,32115.08,6310.79
20190506,340601036,43854.57,8258.92
20190506,340621002,19427.75,4584.47
20190506,340621003,18357.6,5355.95
20190506,340621005,32098.79,6355.29
20190506,340621006,32817.5,10206.67
20190506,340621007,50721.74,9408.2
20190506,340621010,10862.47,2077.48
20190506,340621012,35903.61,7536.68
20190506,340621013,40822.46,8671.93
20190506,340621014,30079.7,7699.01
20190506,340621015,31671.23,7423.6
20190506,340621016,50896.78,11438.7
20190506,340621017,13481.36,4113.31
20190506,340621018,44181.18,12844.7
20190506,340621019,49976.53,15843.22
20190506,340621020,22942.66,5901.67
20190506,340621021,31401.49,7519.27
20190506,340621023,42500.06,10004.84
20190506,340621031,28297.81,6118.96
20190506,340621034,19087.53,5319.43
20190506,340701004,4904.31,1392.84
20190506,340701005,11408.92,2521.87
20190506,340701007,23461.27,4696.16
20190506,340701008,13396.82,2571.86
20190506,340701009,12045.48,2790.1
20190506,340701010,12482.7,2832.48
20190506,340701011,9232.55,2895.8
20190506,340701012,8512.01,1730.15
20190506,340701013,14545.87,2191.66
20190506,340701014,6060.64,1463.48
20190506,340701015,37499.46,6189.77
20190506,340701017,15081.93,2544.76
20190506,340701018,20080.77,3606.89
20190506,340701019,5877.1,2130.32
20190506,340701020,11019.16,2409.5
20190506,340701021,25488.93,3983.28
20190506,340701022,7300.49,1745.89
20190506,340701023,6672.78,1289.92
20190506,340701025,17508.96,3835.96
20190506,340701028,13960.16,2567.91
20190506,340701035,16329.42,2759.16
20190506,340701036,25466.57,3068.58
20190506,340701037,10281.37,1395.08
20190506,340701038,25331.19,3510.83
20190506,340701039,16751.86,2042.8
20190506,340701040,14857.49,1835.49
20190506,340701041,26550.96,3424.42
20190506,340701042,27287.21,3568.65
20190506,340701043,9380.98,1699.44
20190506,340701044,13623.29,1792.1
20190506,340701045,10977.63,1770.42
20190506,340701046,15992.24,1904.93
20190506,340701047,20563.17,3192.52
20190506,340701048,6692.26,1062.67
20190506,340722102,17026.13,1568.71
20190506,340722103,32441.63,5003.7
20190506,340722104,20172.68,1964.14
20190506,340722105,28981.22,3549.03
20190506,340722106,38896.78,3884.85
20190506,340722107,66835.29,7596.03
20190506,340722108,40679.82,4181
20190506,340722109,51903.85,4088.04
20190506,340722110,44414.31,3559.35
20190506,340722111,39362.79,3184.68
20190506,340722112,92819.34,10098.64
20190506,340722113,40902.13,4754.63
20190506,340722114,51247.08,5160.36
20190506,340722115,22929.63,2536.6
20190506,340722116,15780.62,1072.14
20190506,340722118,15947.02,1861.85
20190506,340722119,52629.01,5116.11
20190506,340722121,19255.36,2583.74
20190506,340722122,36857.82,3431.37
20190506,340722123,26088.88,2629.09
20190506,340722124,33729.6,3403.17
20190506,340722125,31445.7,2626.45
20190506,340722126,30719.6,7053.77
20190506,340801003,28872.43,3905.41
20190506,340801004,27084.23,3867.42
20190506,340801005,19387.95,1721.27
20190506,340801006,35422.98,10571.19
20190506,340801007,13732.35,3204.28
20190506,340801012,24808.93,2254.33
20190506,340801013,17112.87,2029.49
20190506,340801015,21975.15,3342.76
20190506,340801016,11989.86,1589.58
20190506,340801017,25051.67,1943.84
20190506,340801018,34397.78,3758.71
20190506,340801019,30230.18,4549.26
20190506,340801020,35675.1,4189.72
20190506,340801021,21798.96,4586.79
20190506,340801022,32405.57,7042.54
20190506,340801023,30615.19,5630.41
20190506,340801024,20275.77,3414.8
20190506,340801025,23901.86,6900.63
20190506,340801032,40371.3,6023.28
20190506,340801033,59262.24,7990.06
20190506,340801034,31162.9,11073.15
20190506,340822002,20289.86,3074.53
20190506,340822003,31624.33,3444.29
20190506,340822004,49131.44,10747.54
20190506,340822005,21121.15,4532.83
20190506,340822006,82588.36,8956.37
20190506,340822007,26123.46,4239.36
20190506,340822008,30165.88,6538.94
20190506,340822009,57524.96,8894.04
20190506,340822010,24517.43,4557.65
20190506,340822013,32926.38,4322.97
20190506,340822014,31226.91,4216.79
20190506,340822015,32511.93,4093.48
20190506,340822016,38098.4,6928.1
20190506,340822018,26920.41,3149.81
20190506,340822019,28150.1,4780.34
20190506,340822020,20212.5,1819.7
20190506,340822022,30303.16,3125.38
20190506,340822023,30075.39,4750.18
20190506,340822025,52736.02,8149.59
20190506,340822026,68066.56,9103.92
20190506,340822028,26516.35,3516.01
20190506,340822031,9687.96,1208.12
20190506,340824002,35776.53,5411.64
20190506,340824003,23938.34,2090.67
20190506,340824004,29854.4,4329
20190506,340824005,42440.24,5717.3
20190506,340824006,42885.43,10356.08
20190506,340824007,9198.5,1308.39
20190506,340824008,20117.7,3890.48
20190506,340824010,18839.88,2831.87
20190506,340824011,36170.98,4410.32
20190506,340824013,34299.03,5868.9
20190506,340824014,21474.54,4550.04
20190506,340824015,23171.24,3921.1
20190506,340824016,26532.88,3702.16
20190506,340824017,17931.91,2642.11
20190506,340824018,20638.84,3406.63
20190506,340824019,29737.36,3808.32
20190506,340824020,21611.79,4412.25
20190506,340824021,20623.26,5139.15
20190506,340825001,25623.4,4569.07
20190506,340825002,27862.97,5689.02
20190506,340825003,14618.87,2361.46
20190506,340825004,33817.19,11777.94
20190506,340825005,14989.9,4272.04
20190506,340825006,17309.07,4827.48
20190506,340825007,17267.1,3226.43
20190506,340825008,13277.42,4179.36
20190506,340825009,22737.76,5152.78
20190506,340825010,14190.02,3933.67
20190506,340825012,38487.59,7377.45
20190506,340825013,11270.13,3307.99
20190506,340825014,41291.13,7992.89
20190506,340825016,32449.23,8696.76
20190506,340825017,26230.68,5973.56
20190506,340826002,41480.17,8927.6
20190506,340826003,33623.86,5367.43
20190506,340826004,34909.76,6004.49
20190506,340826005,18159.44,3265.62
20190506,340826006,45718.38,10282.97
20190506,340826007,45134.23,10875.64
20190506,340826008,36837.82,9856.63
20190506,340826009,20363.59,6004.43
20190506,340826010,35185.31,8710.22
20190506,340826011,28096.16,6095.39
20190506,340826012,25017.71,6012.77
20190506,340826013,28363.86,7155.43
20190506,340826014,33183.38,6649
20190506,340826017,46513.19,9267.77
20190506,340826018,27026,7161.59
20190506,340826019,47174.8,9738.53
20190506,340826020,39658.77,10253.14
20190506,340826021,25046.71,4362.22
20190506,340826022,24619.13,4712.75
20190506,340827001,15023.02,2982.03
20190506,340827002,24361.5,4696.05
20190506,340827003,78691.91,10957.51
20190506,340827004,80602.64,11944.51
20190506,340827006,22784.73,4987.13
20190506,340827007,39800.21,4857.12
20190506,340827008,40508.9,7718.77
20190506,340827009,35819.62,6617.16
20190506,340827010,11571.91,1553.22
20190506,340827011,23628.92,4534.04
20190506,340827013,28971.94,4465.09
20190506,340827014,19881.78,3940.24
20190506,340827015,25194.93,5560.84
20190506,340827016,17357.34,4715.23
20190506,340827017,15732.16,2331.36
20190506,340827019,45412.25,5556.29
20190506,340827020,31783,5316.96
20190506,340827021,31263.11,4092
20190506,340827022,28175.39,6052.49
20190506,340827023,27906.22,4327.68
20190506,340828001,14647.63,4009.25
20190506,340828003,28920.94,5828.25
20190506,340828004,25139.49,8997.64
20190506,340828005,17114.25,5554.14
20190506,340828006,18806.43,5079.22
20190506,340828007,11583.78,2828.31
20190506,340828008,29037.2,5012.93
20190506,340828009,29511.81,5761.15
20190506,340828010,8725.27,2310.03
20190506,340828011,14040.35,4172.74
20190506,340881001,33947.03,5110.62
20190506,340881002,23178.04,3606.63
20190506,340881003,36225.37,5277.94
20190506,340881004,24026.62,2260.74
20190506,340881005,23549.47,2990.19
20190506,340881007,29477.91,2986.83
20190506,340881008,26727.94,2576.08
20190506,340881009,23880.12,3507.14
20190506,340881010,40087.94,5283.23
20190506,340881012,46855.63,5952.15
20190506,340881013,42068.54,4606.97
20190506,340881014,56493.69,7651.16
20190506,340881015,48377.89,6517.06
20190506,340881016,30267.16,4183.83
20190506,340881017,30288.98,3804.96
20190506,340881018,28004.08,4402.06
20190506,340881019,27339.53,2401.83
20190506,340881020,18986.81,2575.86
20190506,340881022,42327.32,4610.65
20190506,341001003,12567.29,3755.34
20190506,341001004,9309.36,2125.1
20190506,341001005,9874.07,2295.36
20190506,341001006,18584.3,2819.73
20190506,341001007,11503.17,2549.86
20190506,341001015,9089.92,1328.74
20190506,341003004,10356.89,1600.36
20190506,341003006,7641.4,1133.08
20190506,341003007,9777.53,1347.33
20190506,341003008,13017.1,2505.85
20190506,341003011,6436.04,841.16
20190506,341003012,6465,921.62
20190506,341003013,4215.62,802.83
20190506,341003014,3783,651.5
20190506,341003015,12655.42,1495.49
20190506,341003016,8695.96,1214.11
20190506,341003017,12469.77,2241.83
20190506,341003018,16186.79,2307.53
20190506,341003019,9687.46,1437.42
20190506,341003020,4212.57,455
20190506,341003022,5498.36,1452.21
20190506,341003023,3288.3,417.43
20190506,341021001,14259.22,1616.86
20190506,341021003,22551.26,3560.66
20190506,341021004,12100.41,1713.9
20190506,341021005,11117.12,1531.11
20190506,341021007,11796.07,1908.25
20190506,341021008,9366.24,1562.36
20190506,341021009,12341.89,1263
20190506,341021010,7823.35,839.54
20190506,341021011,21477.59,3455.61
20190506,341021012,22907.68,2864.22
20190506,341021013,6044.62,783.9
20190506,341021014,10248.37,1117.9
20190506,341021015,10526.7,1527.57
20190506,341021016,4934.57,767.64
20190506,341021017,16734.84,2239.05
20190506,341021018,16629.86,2626.97
20190506,341021019,19153.54,1962.1
20190506,341021022,15396.09,1895.49
20190506,341021024,3691.07,595.24
20190506,341021025,18552.87,2784.51
20190506,341021026,7544.77,813.73
20190506,341022003,8132.52,1182.37
20190506,341022004,10308.36,1402.04
20190506,341022005,14733.52,1081.3
20190506,341022006,14757.14,1618.42
20190506,341022008,6613.82,976.3
20190506,341022009,8817.52,938.02
20190506,341022010,11127.48,962.86
20190506,341022011,7405.91,1100.91
20190506,341022012,16826.92,1933.07
20190506,341022013,10524.43,1173.02
20190506,341022014,11600.58,1883.18
20190506,341023001,8334.38,1719.45
20190506,341023003,6149.12,1346.1
20190506,341023004,9968.65,1529.75
20190506,341023005,2729.12,377.08
20190506,341023006,3969.54,526.66
20190506,341023007,5343.07,1140.66
20190506,341024003,11330.08,832.31
20190506,341024004,11760.51,1169.95
20190506,341024005,14215.91,1723.29
20190506,341024006,19426.68,1901.82
20190506,341024007,18238.27,1650.09
20190506,341024008,11174.97,1583.01
20190506,341024009,16351.84,1910.18
20190506,341024010,9134.48,530.77
20190506,341101003,18220.29,3528.03
20190506,341101004,12718.25,2298.05
20190506,341101005,45453.45,8171.86
20190506,341101006,18891.39,2886.17
20190506,341101008,21453.54,3121.09
20190506,341101010,21138.7,4867.35
20190506,341101011,12741.12,2928.79
20190506,341101012,17859.06,3256.83
20190506,341101013,20350.89,3717.19
20190506,341101014,19233.34,3987.43
20190506,341101018,17194.49,2879.27
20190506,341101019,21899.86,4607.54
20190506,341122002,17612.26,3545.64
20190506,341122003,22327.06,4221.71
20190506,341122004,21004.33,4781.26
20190506,341122005,21564.59,9114.83
20190506,341122006,17922.07,2901.81
20190506,341122007,25095.04,3684.03
20190506,341122008,27238.07,6912.69
20190506,341122009,33390.74,4770.47
20190506,341122011,27473.37,3055.52
20190506,341124002,9527.54,2197.86
20190506,341124003,27030.49,6994.82
20190506,341124004,23278.81,4034.75
20190506,341124005,18591.41,3036.14
20190506,341124007,9230.52,2301.03
20190506,341124008,14630.87,3376.94
20190506,341124009,13703.09,3192.09
20190506,341124010,9971.58,2322.31
20190506,341124011,15083.86,2498.21
20190506,341124012,12882.59,4447.55
20190506,341124013,26108.47,4475.18
20190506,341125002,28021.63,10578.98
20190506,341125003,20578.71,6455.18
20190506,341125004,24062.99,5866.53
20190506,341125005,19911.45,5748.27
20190506,341125006,31132.68,6430.2
20190506,341125008,16087.62,4480.14
20190506,341125009,29362.15,7575.64
20190506,341125010,12585.59,3660.91
20190506,341125011,11870.54,3196.84
20190506,341125012,18793.3,7007.59
20190506,341125013,10120.01,3548.09
20190506,341126002,39219.73,15472.2
20190506,341126003,14497.14,11582.75
20190506,341126005,25989.54,7753.82
20190506,341126006,23977.28,11940.94
20190506,341126007,18884.16,5515.77
20190506,341126008,25745.97,9285.85
20190506,341126009,25692.87,10253.12
20190506,341126010,22416.69,7295.89
20190506,341126012,13553.9,3793.23
20190506,341181001,28843.88,4832.78
20190506,341181002,53391.34,10740.98
20190506,341181003,20953.01,5700.37
20190506,341181004,28203.29,6204.7
20190506,341181005,22953.68,4169.26
20190506,341181006,26028.92,5094.76
20190506,341181008,17242.05,3194.83
20190506,341181009,38344.35,12829.29
20190506,341181010,33004.18,5110.37
20190506,341181012,15372.09,3514.62
20190506,341181013,33105.23,5294.18
20190506,341181014,25631.22,3903.73
20190506,341182002,7734.47,1508.47
20190506,341182003,17569.8,5399.51
20190506,341182004,14771.8,2621.11
20190506,341182005,13422.25,3762.76
20190506,341182006,18558.74,4612.42
20190506,341182007,14566.49,5182.49
20190506,341182008,7761.73,2692.9
20190506,341182009,16920.99,5134.28
20190506,341182010,28462.77,6479.51
20190506,341182011,6129.23,829.91
20190506,341182013,19896.12,5270.21
20190506,341182014,18432.57,5320.09
20190506,341182015,20142.36,6706.78
20190506,341182016,10414.67,3255.46
20190506,341201001,21783.91,7026.34
20190506,341201002,12533.03,3518.01
20190506,341201003,11241.22,4403.48
20190506,341201004,21259.13,5968.74
20190506,341201005,30735.56,5616.01
20190506,341201007,13965.97,3366.59
20190506,341201008,18942.28,5020.16
20190506,341201009,24587.9,6105.08
20190506,341201011,14368.09,4586.27
20190506,341201012,29679.97,9787.62
20190506,341201013,24396.86,6122.34
20190506,341201014,11137.55,3727.01
20190506,341201015,20564.35,5824.58
20190506,341201016,18609.79,4386.53
20190506,341201017,20939.94,6020.3
20190506,341201018,21282.24,4999.25
20190506,341201019,21084.57,8449.46
20190506,341201020,33053.73,7197.25
20190506,341201021,21062.14,4853.4
20190506,341201023,34397.06,7048.89
20190506,341201025,34406.58,8722.84
20190506,341201026,25985.46,5291.45
20190506,341201027,31823.38,6147.54
20190506,341201028,34553.37,6696.38
20190506,341201030,44351.29,8814.56
20190506,341201031,19966.69,4093.07
20190506,341201032,19068.63,3974.12
20190506,341201033,31560.34,6228.86
20190506,341201034,28540.92,5808.38
20190506,341201035,13044.46,5532.22
20190506,341201037,16984.65,7712.33
20190506,341201038,21213.64,8641.69
20190506,341201042,34224.61,7954.44
20190506,341221001,48045.6,12684.97
20190506,341221002,37878.7,12130.22
20190506,341221003,37692.17,10538.76
20190506,341221004,44652.1,12149.93
20190506,341221005,38810.06,10020.46
20190506,341221006,40351.49,11185.79
20190506,341221007,45984.18,12205.78
20190506,341221008,37416.79,9705.49
20190506,341221009,33672.72,11738.14
20190506,341221010,52114.92,12732.93
20190506,341221011,34453.41,8346.37
20190506,341221012,71337.34,21377.21
20190506,341221013,49104.04,14931.73
20190506,341221015,31059.5,8401.51
20190506,341221016,33720.24,8629.98
20190506,341221017,35868.39,12124.74
20190506,341221018,36621.26,8532.89
20190506,341221019,54372.39,15697.72
20190506,341221020,33958.95,7166.26
20190506,341221021,40222.87,9556.34
20190506,341221022,31397.65,10155.26
20190506,341221023,37602.82,10140.22
20190506,341221024,22473.24,6372.4
20190506,341221025,20925.85,7017.74
20190506,341221026,38741.09,10023.86
20190506,341221027,41120.01,11086.04
20190506,341221028,30919.98,9289.13
20190506,341222001,25889.37,10025.6
20190506,341222002,18924.06,6053.4
20190506,341222003,36507.96,10651.71
20190506,341222004,10713.7,3972.81
20190506,341222005,24872.9,7730.41
20190506,341222006,15445.59,4965.75
20190506,341222007,36251.94,9055.71
20190506,341222009,31453.71,10046.14
20190506,341222010,57981.57,8006.29
20190506,341222011,68930.28,10587.27
20190506,341222012,47936.53,7974.99
20190506,341222013,51583,9935.36
20190506,341222014,74197.86,14606.01
20190506,341222015,47299.09,10504.58
20190506,341222016,53945.34,11492.95
20190506,341222017,42390,9970.33
20190506,341222018,48761.88,16934.61
20190506,341222019,72198.13,14320.84
20190506,341222020,34834.44,7676.49
20190506,341222021,44709.17,7876.75
20190506,341222022,43854.66,5904.28
20190506,341222023,32681.06,10045.42
20190506,341222024,48321.12,8809.01
20190506,341222025,51528.03,11093.55
20190506,341222026,43897.37,12152.25
20190506,341222027,38387.53,8517.36
20190506,341222028,28474.05,10149.23
20190506,341222029,34694.93,8046.35
20190506,341222030,38499.95,6614.69
20190506,341222031,32185.23,5673.71
20190506,341222035,26415.68,7101.18
20190506,341225001,19418.37,5750.38
20190506,341225002,21328.73,6523.74
20190506,341225003,21342.25,5714.75
20190506,341225004,30399.5,8242.64
20190506,341225005,13384.61,4009.52
20190506,341225006,48749.59,14539.87
20190506,341225008,30325.59,8824.82
20190506,341225009,33110.24,8978.93
20190506,341225011,30429.93,7359.92
20190506,341225012,26555.38,9228.99
20190506,341225013,50222.04,15052.28
20190506,341225014,34100.35,10929.13
20190506,341225015,49332.88,13747.32
20190506,341225016,32259.36,8338.34
20190506,341225017,33098.75,9588.02
20190506,341225018,59161.93,12864.59
20190506,341225019,27333.44,5537.88
20190506,341225020,29172.91,6433.17
20190506,341225021,36589.74,9395.19
20190506,341225023,19750.56,6931.4
20190506,341225027,20217.72,5336.68
20190506,341226001,26423.25,9545.57
20190506,341226002,42166.96,13127.15
20190506,341226004,27833.93,10650.33
20190506,341226005,36967.62,8924.84
20190506,341226006,26502.58,6776.47
20190506,341226007,22903.26,4828.65
20190506,341226008,23936.67,5825.25
20190506,341226009,31234.33,9340.76
20190506,341226011,23294.36,5912.05
20190506,341226012,26267.04,4793.24
20190506,341226013,18753.98,6245.79
20190506,341226014,26201.37,6669.69
20190506,341226015,27599.27,6666.24
20190506,341226016,24270.02,8537.81
20190506,341226017,18630.95,4085.67
20190506,341226018,28996.78,7271.43
20190506,341226019,30706.65,8104.91
20190506,341226020,22007.62,4427.37
20190506,341226021,31073.85,9415.45
20190506,341226022,25773.32,9344.91
20190506,341226023,11985.05,4848.35
20190506,341226026,16129.94,5882.95
20190506,341282001,21575.39,4716.41
20190506,341282002,21154.14,5086.01
20190506,341282003,34203.96,10069.97
20190506,341282004,26029.39,7163.51
20190506,341282005,34225.81,9641.4
20190506,341282006,45484.22,11884.04
20190506,341282007,34685.95,9541.34
20190506,341282008,31425.53,6897.13
20190506,341282009,26233.81,5449.13
20190506,341282010,20850.13,6180.87
20190506,341282011,32425.68,7517.63
20190506,341282013,37038.37,9936.55
20190506,341282014,25178.18,6484.2
20190506,341282015,26060.9,4979.72
20190506,341282016,37771.24,6050.85
20190506,341282019,24735.56,5858.85
20190506,341301001,28161.87,6995.76
20190506,341301002,12964.98,3738.63
20190506,341301003,10011.91,4763.98
20190506,341301004,30699.88,9976.53
20190506,341301005,25713.69,8111.49
20190506,341301006,19309.93,5381.12
20190506,341301007,19465.95,5221.14
20190506,341301009,24573.36,8441.7
20190506,341301010,27860.32,8754.98
20190506,341301011,14971.2,5255.36
20190506,341301012,12724.21,4862.9
20190506,341301013,32298.58,9047.21
20190506,341301014,33627.3,12580.74
20190506,341301015,45691.3,17735.25
20190506,341301017,22413.51,7081.45
20190506,341301020,30614.2,9084.16
20190506,341301021,23320.35,6846.56
20190506,341301023,42832.54,15938.46
20190506,341301025,43685.61,18316.06
20190506,341301026,44015.89,17104.1
20190506,341301027,52350.07,24534.72
20190506,341301028,42638.54,16120.43
20190506,341301029,32934.27,9339.27
20190506,341301030,30184.12,10123.06
20190506,341301032,40620.84,17739.61
20190506,341301034,32143.34,9227.05
20190506,341301036,19724.08,5500.23
20190506,341301038,26470.85,9440.66
20190506,341301039,20923.07,4482
20190506,341301040,49806.62,18616.17
20190506,341301041,26741.83,9899.06
20190506,341321001,22062.97,9070.83
20190506,341321002,16982.76,7427.21
20190506,341321003,19998.32,8547.8
20190506,341321004,43762.99,18606.77
20190506,341321005,32715.51,9373.41
20190506,341321006,32103.38,14896.69
20190506,341321007,52469.22,21650.52
20190506,341321008,20942.41,8046.62
20190506,341321009,27663.86,8341.67
20190506,341321010,15976.15,5232.24
20190506,341321011,24157.36,8223.79
20190506,341321012,29385.9,12147.31
20190506,341321013,34680.12,13313.82
20190506,341321014,41830.9,14942.03
20190506,341321016,17357.98,5859.69
20190506,341321017,28438.76,10290.52
20190506,341321018,32434.36,14230.73
20190506,341321019,34332.37,12557.01
20190506,341321020,19471.58,8391.72
20190506,341321021,34420.07,12968.32
20190506,341321022,27254.92,9589.18
20190506,341321023,15351.57,5237.2
20190506,341322002,60349.09,19057.71
20190506,341322004,26183.58,9036.86
20190506,341322005,34284.4,11672.63
20190506,341322006,44765.29,12936.55
20190506,341322007,28392.84,8162.47
20190506,341322008,20531.64,5861.19
20190506,341322012,18240.3,4824.8
20190506,341322013,27449.1,7120.4
20190506,341322014,32247.21,12979.49
20190506,341322015,40596.05,12086.42
20190506,341322016,19425.28,6273.4
20190506,341322017,31576.25,8743.99
20190506,341322018,20022.23,8700.86
20190506,341322019,19012.65,6954.94
20190506,341322020,18713.97,6785.94
20190506,341322021,18942.68,7539.95
20190506,341322022,24982.17,6978.14
20190506,341322023,38235.77,14203.25
20190506,341322024,18733.4,7490.58
20190506,341322025,19962.52,7670.99
20190506,341322026,32546.71,12278.59
20190506,341323002,26322.44,11691.29
20190506,341323003,29118.03,15103.75
20190506,341323004,32323.47,16852.91
20190506,341323005,37534.25,20390.14
20190506,341323006,39506.27,20800.05
20190506,341323008,29356.14,12180.05
20190506,341323009,31817.9,11754.91
20190506,341323010,42812.9,20918.23
20190506,341323011,32962,11612.58
20190506,341323012,34450.48,14499.53
20190506,341323013,39383.37,13749.39
20190506,341323014,29780.25,12656.34
20190506,341323016,23286.3,11772.18
20190506,341323017,25085.52,9601.9
20190506,341323018,37816.52,13289.86
20190506,341323019,35096.37,14938.81
20190506,341323020,26076.15,12819.46
20190506,341324001,31746.59,11505.68
20190506,341324003,36014.64,11579.55
20190506,341324004,33378.5,13467.6
20190506,341324005,58693.64,20008.38
20190506,341324006,38311.51,14685.79
20190506,341324007,44974.59,14896.78
20190506,341324008,27561.38,9405.39
20190506,341324009,38544.45,16529.83
20190506,341324010,39655.74,19435.76
20190506,341324011,37501.02,18071.87
20190506,341324012,41486.91,13698.74
20190506,341324015,13902.75,5062.43
20190506,341501001,20041.12,4941.18
20190506,341501002,21721.54,4101.46
20190506,341501003,26725.37,5301.65
20190506,341501005,21004.02,5488.9
20190506,341501007,26288.28,4492.87
20190506,341501008,22944.38,6169.75
20190506,341501011,27668.62,6173.3
20190506,341501012,37735.56,7357.98
20190506,341501013,42272.32,3309.41
20190506,341501014,28619.71,5388.28
20190506,341501015,56990.18,10890.51
20190506,341501017,27998.3,5340.38
20190506,341501018,41438.45,4310.2
20190506,341501019,22421.71,2829.37
20190506,341501020,44390.99,7749.89
20190506,341501021,44813.15,5911.94
20190506,341501022,26065.68,4551.38
20190506,341501023,50845.06,13373.57
20190506,341501024,32075.92,10780.84
20190506,341501025,25182,4428.84
20190506,341501026,18976.57,4619.4
20190506,341501027,23235.41,6033.82
20190506,341501028,26924.87,9763.96
20190506,341501029,19724.15,5099.41
20190506,341522001,26441.85,5585.13
20190506,341522002,25486.19,9133.08
20190506,341522004,41383.52,13550.32
20190506,341522005,53578.97,14349.56
20190506,341522006,37163.84,6709
20190506,341522007,41086.82,10141.57
20190506,341522008,30344.5,8934.31
20190506,341522009,30185.44,9981.79
20190506,341522010,28648.44,7636.76
20190506,341522011,31706.59,7216.4
20190506,341522012,44242.76,6138.35
20190506,341522013,37321.66,6535.38
20190506,341522014,25227.59,5068.29
20190506,341522015,44678.14,9565.3
20190506,341522016,25724.24,5529.21
20190506,341522018,23147.44,5621.54
20190506,341523001,57418.1,9851.07
20190506,341523003,27833.81,4648.16
20190506,341523004,22740.62,3234.4
20190506,341523005,42328.05,6222.57
20190506,341523006,23351.68,4542.17
20190506,341523007,17738.15,2638.59
20190506,341523008,21188.22,3567.75
20190506,341523009,30931.75,4905.1
20190506,341523010,34782.74,7849.71
20190506,341523011,26085.87,3702.52
20190506,341523012,33236.4,5594.97
20190506,341523013,45777.99,7245.76
20190506,341523014,12571.81,1902.99
20190506,341523015,27579.69,3988.96
20190506,341523016,22779.72,3931.23
20190506,341523017,36632.58,5923.23
20190506,341523018,37994.94,4423.27
20190506,341523019,31523.64,4495.27
20190506,341523020,32994.52,2685.8
20190506,341523021,22568.24,2841.02
20190506,341523022,34466.48,4499.72
20190506,341523023,27335.12,4215.72
20190506,341523025,32245.63,4175.24
20190506,341523026,25417.86,5831.1
20190506,341523028,5487.57,1113.92
20190506,341524001,20132.55,6549.79
20190506,341524003,11044.86,4253.91
20190506,341524004,31417.42,10178.28
20190506,341524006,25207.94,5397.74
20190506,341524007,22945.68,7536.28
20190506,341524008,28942.43,5672.3
20190506,341524009,21855.69,3676.15
20190506,341524011,48510.3,11989.85
20190506,341524012,23203.95,7366.96
20190506,341524014,25482.66,8190.34
20190506,341524017,17691.28,3997.83
20190506,341524018,7496.86,2275.98
20190506,341524019,12633.22,5659.38
20190506,341525002,37551.04,5090.38
20190506,341525003,32105.02,6479.93
20190506,341525004,12582.17,1781.97
20190506,341525005,17890.97,2524.66
20190506,341525006,22044.33,4001.96
20190506,341525007,11389.02,1862.42
20190506,341525008,24651.59,5712.05
20190506,341525009,15527.96,2382.67
20190506,341525010,16146.06,3163.14
20190506,341525011,25408.25,2539.78
20190506,341525013,18132.7,3343.9
20190506,341525014,30248.77,5826.3
20190506,341525015,17355.51,2090.47
20190506,341525016,18330.97,2887.79
20190506,341601001,9238.03,2672.92
20190506,341601002,6495.66,2776.43
20190506,341601003,14540.61,5676.14
20190506,341601004,7989.28,2643.68
20190506,341601005,11203.94,4189.13
20190506,341601006,15494.28,7951.42
20190506,341601007,13311.77,4442.21
20190506,341601008,9445.78,3754.6
20190506,341601009,6812.43,2842.99
20190506,341601010,6409.33,4623.93
20190506,341601011,4915.9,2544.43
20190506,341601012,8770.1,4150.98
20190506,341601013,8693.2,3097.2
20190506,341601014,13033.74,7419.88
20190506,341601015,9041.04,3260.38
20190506,341601016,5739.47,2328.71
20190506,341601018,25298.29,6783.68
20190506,341601019,39942.54,12307.35
20190506,341601020,30644.1,6946.24
20190506,341601022,22335.47,7709.14
20190506,341601023,29030.1,7515.13
20190506,341601024,21989.48,8043.94
20190506,341601025,24413.92,6782.2
20190506,341601027,49653.75,12028.78
20190506,341601028,30126.51,8234.14
20190506,341601029,29811.48,9240.56
20190506,341601030,14558.14,5613.5
20190506,341601031,23279.3,7366.8
20190506,341601037,12708.67,7548.02
20190506,341621002,17707.95,6346.33
20190506,341621003,17200.26,6707.34
20190506,341621004,19520.78,7367.68
20190506,341621005,19807.86,7396.38
20190506,341621007,44166.06,14395.04
20190506,341621008,29917.98,7552.41
20190506,341621009,15935.65,6597.11
20190506,341621010,10688.49,4153.91
20190506,341621011,36308.01,6883.82
20190506,341621012,32131.51,9123.07
20190506,341621013,37271.6,7901.37
20190506,341621014,29278.69,6657.73
20190506,341621015,39721.72,8599.29
20190506,341621016,40528.82,12311.5
20190506,341621017,31622.06,7691.56
20190506,341621018,19324.68,8885.56
20190506,341621019,24704,9359.95
20190506,341621020,20664.38,4138.26
20190506,341621021,33669.82,11952.13
20190506,341621022,40033.12,10529.47
20190506,341621023,30890.71,9001.39
20190506,341621024,15937.7,5481.96
20190506,341621025,22377.94,5744.78
20190506,341621026,34210.65,10146.82
20190506,341621027,22939.99,5268.24
20190506,341621028,30860.51,10383.31
20190506,341621029,37292.63,8705.51
20190506,341622001,24179.87,5374.8
20190506,341622002,30644.38,7165.77
20190506,341622003,20286.58,6279.95
20190506,341622004,15801.37,3824.93
20190506,341622005,36767.98,7258.8
20190506,341622006,20994.39,6194.27
20190506,341622007,22695.07,5750.45
20190506,341622008,29063.1,9790.04
20190506,341622009,22341.94,4773
20190506,341622010,32766.58,13429.49
20190506,341622012,22472,4876.82
20190506,341622013,37808.81,14857.7
20190506,341622014,23594.37,6704.15
20190506,341622015,42059.08,11287.8
20190506,341622016,37238.57,10773.41
20190506,341622017,24245,6159.01
20190506,341622018,24063.49,6825.11
20190506,341622019,21880.61,4309.67
20190506,341622020,23252.82,7124.93
20190506,341622021,23610.76,5343.16
20190506,341623001,20738.97,5480.95
20190506,341623002,18207.57,5598.65
20190506,341623003,43281.25,12992.86
20190506,341623005,18809.73,5063.92
20190506,341623006,33086.12,6587.3
20190506,341623008,17396.33,6487.22
20190506,341623009,14398.23,3160.65
20190506,341623010,21403.11,5655.34
20190506,341623011,32328.36,7518.63
20190506,341623012,35441.58,5964.71
20190506,341623013,47791,13136.97
20190506,341623014,41632.68,10374.39
20190506,341623015,16820.47,3143.53
20190506,341623016,43121.38,7144.94
20190506,341623017,21238.29,6350.49
20190506,341623018,29292.97,5752.78
20190506,341623019,24533.74,4565.96
20190506,341623020,33934.17,6826.1
20190506,341623021,29115.54,6346.97
20190506,341623022,23398.21,7119.71
20190506,341623023,15452.4,4245.81
20190506,341623024,26068.39,8776.04
20190506,341701002,14824.54,1706.43
20190506,341701005,9213.68,2459.5
20190506,341701007,22170.04,3624.66
20190506,341701008,15061.02,2708.76
20190506,341701009,18704.23,1997.89
20190506,341701011,20905.37,2324.36
20190506,341701012,26406.68,5108.26
20190506,341701013,12756.45,2228.71
20190506,341701014,14043.48,3082.28
20190506,341701015,12909.31,3203.83
20190506,341701016,20552.79,4545.84
20190506,341701017,30120.32,5997.15
20190506,341701018,17395.52,2699.43
20190506,341701019,15424.28,3095.39
20190506,341701020,9466.09,2498.25
20190506,341701021,11043.37,2295.48
20190506,341701022,30821.69,7544.46
20190506,341701023,25172.27,4245.89
20190506,341701024,12489.16,3011.63
20190506,341701025,27540.08,4210.78
20190506,341701026,28993.51,6051.48
20190506,341701027,6294.6,2770.77
20190506,341701028,16227.59,3265.39
20190506,341721002,47908.96,4573.53
20190506,341721004,35983.41,4686.54
20190506,341721005,30392.72,5220.83
20190506,341721006,31146.27,3411.69
20190506,341721007,27475.86,4673.87
20190506,341721008,17386.85,2771.22
20190506,341721009,23799.08,3110.32
20190506,341721010,35424.13,6330.77
20190506,341721011,40649.55,6685.55
20190506,341721012,22287.5,4193.61
20190506,341721013,9529.82,1511.82
20190506,341721014,12585.43,1973.55
20190506,341721015,7362,1140.12
20190506,341721016,31109.56,7262.88
20190506,341721017,9137.41,1927.96
20190506,341721018,19941.79,5059.5
20190506,341721019,45711.38,8693.79
20190506,341721020,26346.72,4161.07
20190506,341721021,14005.35,2371.03
20190506,341722002,12296.37,2977.9
20190506,341722003,5729.95,1290.64
20190506,341722004,12203.08,2619.53
20190506,341722005,8156.97,1483.03
20190506,341722006,10919.64,2624.53
20190506,341722007,21037.15,4139.95
20190506,341722008,9888.54,1939.31
20190506,341723001,17834.6,3805.74
20190506,341723003,13017.12,1720.25
20190506,341723004,21685.11,3489.7
20190506,341723005,13995.44,1775.17
20190506,341723006,15771.02,1827.3
20190506,341723007,13064.85,1856.59
20190506,341723008,23813.91,4043.53
20190506,341723009,8170,905.53
20190506,341723010,22700.55,3449.29
20190506,341723011,12712.33,2134.53
20190506,341723013,9238.32,1412.32
20190506,341801001,27721.9,5927.82
20190506,341801004,20689.28,3836.6
20190506,341801005,38606.44,11926.82
20190506,341801007,23114.33,6058.94
20190506,341801008,25260.85,4268.49
20190506,341801009,11167.47,2730.13
20190506,341801010,24285.74,6231.44
20190506,341801011,29920.97,6459.72
20190506,341801013,15514,2520.5
20190506,341801015,24117.69,6321.33
20190506,341801016,38259.06,6729.27
20190506,341801017,27956.3,5968.12
20190506,341801018,34511.02,7601.09
20190506,341821002,13477.04,3786.37
20190506,341821004,14060.05,2383.7
20190506,341821005,12828.71,2366.09
20190506,341821006,10674.94,1431.31
20190506,341821007,42396.18,8029.86
20190506,341821008,20561.4,5552.41
20190506,341821009,18441.2,3443.02
20190506,341821010,19463.9,5182.48
20190506,341822002,19168.53,5732.55
20190506,341822003,15106.86,3912.37
20190506,341822004,13024.77,4024.13
20190506,341822006,22004.33,6072.33
20190506,341822007,20103.33,5667.14
20190506,341822008,14922.8,4945.74
20190506,341822009,21664.02,5888.07
20190506,341822010,22885.49,6661.21
20190506,341822011,14799.2,5316.25
20190506,341822012,11841.44,3492.7
20190506,341823001,10425.57,1227.77
20190506,341823002,13690.37,2266.21
20190506,341823003,16596.12,2885.93
20190506,341823005,16335.94,2956.94
20190506,341823006,11260.26,2080.47
20190506,341823007,19584.51,2848.12
20190506,341823008,26400.78,3341.82
20190506,341823009,13547.64,2138.07
20190506,341823010,17315.66,3283.94
20190506,341823011,13203.03,2026.6
20190506,341823012,10387.98,1562.31
20190506,341823013,11035.76,3029.99
20190506,341823014,29196.73,6759.22
20190506,341823016,11056.98,3824.55
20190506,341824002,39278.15,11181.48
20190506,341824004,12924.51,2374.92
20190506,341824005,9011.41,1682.45
20190506,341824006,8798.98,1864.15
20190506,341824007,8997.01,1360.44
20190506,341824008,10004.92,1480.64
20190506,341824009,9177.18,1268.97
20190506,341825002,9163.74,1675.44
20190506,341825003,20294.33,3059.58
20190506,341825004,10036.64,2051.88
20190506,341825005,12549.23,2944.99
20190506,341825006,16019.39,3052.28
20190506,341825007,18048.95,3543.58
20190506,341825008,8385.99,2353.81
20190506,341825012,5239.04,1358.94
20190506,341881002,23734.97,4382.1
20190506,341881003,10313.73,1993.42
20190506,341881004,9459.22,2564.88
20190506,341881005,5045.93,1177.11
20190506,341881006,16224.79,5061.19
20190506,341881007,4852.26,1226.43
20190506,341881008,8368.79,2167.11
20190506,341881009,8559.46,1808.51
20190506,341881010,8697.59,2087.06
20190506,341881011,21792.37,6469.01
20190506,341881013,27168.45,5916.01
20190506,341881014,10918.04,2793.1
20190506,341881015,17904.77,6800.74
20190506,341881016,19864.89,5799.91
