#日期,机构,余额,活期余额
20190508,340101011,30604.89,7986.94
20190508,340101012,37706.78,17248.37
20190508,340101015,23075.88,6106.74
20190508,340101016,38310.78,9578.27
20190508,340101017,18468.06,5487.46
20190508,340101018,20556.3,5593.29
20190508,340101021,12592.83,4733.52
20190508,340101023,9506.02,3740.87
20190508,340101024,14829.74,2891.28
20190508,340101025,27761.65,6371.49
20190508,340101028,42183.89,11096.41
20190508,340101029,10378.53,2853.53
20190508,340101031,29503.86,7424.61
20190508,340101032,23671.25,6688.91
20190508,340101034,22508.8,6926.74
20190508,340101036,22126.38,5127.85
20190508,340101037,20377.56,7555.72
20190508,340101038,18575.59,4335.6
20190508,340101039,13918.8,2500.78
20190508,340101040,19337.34,4612.13
20190508,340101042,12670.02,3523.19
20190508,340101043,29804.41,5907.56
20190508,340101044,10617.64,3416.4
20190508,340101045,47116.24,7361.18
20190508,340101047,13373.64,3011.8
20190508,340101049,10429.23,3526.36
20190508,340101050,29513.89,6930.03
20190508,340101051,23549.9,11948.65
20190508,340101052,15296.27,2868.1
20190508,340101053,12527.3,3433.76
20190508,340101054,13872.63,5236.42
20190508,340101057,13855.39,4370.33
20190508,340101059,10825.92,2391.03
20190508,340101061,13795.63,4527.78
20190508,340101062,14660.48,4697.89
20190508,340101064,36018.96,10508.57
20190508,340101065,22243.49,4100.12
20190508,340101066,6481.21,1575.82
20190508,340101067,13501.3,5260.85
20190508,340121001,21092.09,6971.15
20190508,340121003,7263.15,3115.11
20190508,340121004,18207.09,6551.58
20190508,340121005,36848.84,9912.59
20190508,340121007,31819.27,8764.2
20190508,340121008,23081.95,6747.82
20190508,340121009,22762.32,9981.42
20190508,340121010,17067.72,6931.29
20190508,340121011,29298.19,13357.06
20190508,340121017,16886.73,5800.99
20190508,340121018,23038.39,8313.44
20190508,340121020,5917.94,1979.96
20190508,340122001,38691.75,12975.97
20190508,340122002,34165.72,9214.13
20190508,340122003,14498.58,2860.53
20190508,340122004,8317.57,3345.01
20190508,340122005,3496.49,1216.07
20190508,340122006,33318.33,9083.25
20190508,340122007,21279.42,3675.27
20190508,340122008,24951.71,7560.4
20190508,340122009,24113.9,9472.12
20190508,340122011,32235.2,4717.06
20190508,340122012,15822.22,3242.59
20190508,340122013,20155.55,6127.77
20190508,340122014,19615.2,5112.55
20190508,340122015,14357.63,4096.32
20190508,340122016,23593,4529.98
20190508,340122017,15989.2,5872.37
20190508,340122018,12712.34,5259.83
20190508,340122019,22781.6,3325.11
20190508,340122020,26930.83,8564.67
20190508,340122021,25234.41,7121.26
20190508,340123001,33078.7,8524.74
20190508,340123005,48838.26,9701.08
20190508,340123006,34949.92,8072.33
20190508,340123007,52189.32,9449.26
20190508,340123008,43229.19,9764.07
20190508,340123010,25772.46,6128.43
20190508,340123011,55098.5,14906.83
20190508,340123013,43471.39,9691.3
20190508,340123014,24230.53,4877.02
20190508,340123015,34199.93,7483.94
20190508,340123016,36651.02,7006.64
20190508,340123018,35012.13,9878.14
20190508,340123019,33512.17,7154.54
20190508,340124001,20015.96,5236.89
20190508,340124002,44112.95,11859.61
20190508,340124003,24131.22,4542.56
20190508,340124004,35838.81,4437.41
20190508,340124005,32805.4,5379.38
20190508,340124006,23736.66,4948.77
20190508,340124008,32223.98,3238.02
20190508,340124009,43034.27,5636.16
20190508,340124010,11506.16,2221.58
20190508,340124011,31253.25,5995.72
20190508,340124012,23858.66,3323.63
20190508,340124013,18932.37,3267.49
20190508,340124014,33052.34,7837.66
20190508,340124015,27982.34,5186.74
20190508,340124016,27679.19,5273.15
20190508,340124017,19062.09,3741.52
20190508,340124018,29754.55,6174.27
20190508,340124019,17822.49,2139.32
20190508,340124020,4626.17,907.68
20190508,340124021,16705.47,3275.3
20190508,340124022,26640.25,3562.07
20190508,340124023,8947.69,1873.38
20190508,340124024,24934.66,2154.13
20190508,340124025,16538.02,5174.27
20190508,340181003,13210.22,2323.15
20190508,340181004,24057.73,7094.5
20190508,340181005,17446.52,2888.89
20190508,340181006,22229.37,3672.21
20190508,340181007,21951.99,3566.61
20190508,340181008,8463.54,1785.31
20190508,340181009,12486.24,2165.89
20190508,340181010,39101.81,8610.06
20190508,340181011,23864.18,6792.53
20190508,340181012,17388.15,5189.96
20190508,340181013,12753.8,2779.66
20190508,340181016,21089.65,2284.02
20190508,340181017,24484.06,3952.88
20190508,340181018,28821.58,4159.48
20190508,340181020,36512.34,6080.64
20190508,340181021,25684.4,3490.03
20190508,340181022,21828.45,3798.16
20190508,340181023,21530.28,5235.74
20190508,340181024,13613.25,2674.84
20190508,340181025,17683.49,2096.13
20190508,340181026,15871.02,4561.41
20190508,340201002,8604.13,2113.39
20190508,340201005,12128.97,2495.82
20190508,340201006,11917.58,2420.3
20190508,340201010,9825.31,2071.67
20190508,340201011,9273.89,1949.07
20190508,340201013,11751.96,2172.55
20190508,340201015,11476.72,2778.92
20190508,340201016,18311.59,3851.71
20190508,340201017,14977.26,4077.73
20190508,340201018,15001.08,2652.81
20190508,340201019,11037.53,1919.14
20190508,340201020,17793.88,4431.05
20190508,340201021,19736.72,5008.4
20190508,340201022,9564.35,1833.98
20190508,340201023,12572.44,2524.61
20190508,340201024,10975.81,2566.79
20190508,340201026,17758.79,5012.32
20190508,340201027,11713.35,2912.43
20190508,340201028,16324.89,3222.7
20190508,340201032,10653.63,3406.73
20190508,340201034,9802.51,2515.64
20190508,340201037,31713.12,4823.04
20190508,340201038,10858.98,2227.86
20190508,340201039,30762.58,9448.35
20190508,340201040,34099.92,6056.14
20190508,340201041,22898.43,4610.1
20190508,340201042,28706.87,6806.33
20190508,340201043,36944.21,7102.44
20190508,340201044,18617.36,3992.32
20190508,340201045,38774.6,8270.14
20190508,340201047,21109.24,6360.22
20190508,340201049,13403.76,3801.05
20190508,340201052,29009.11,6141.77
20190508,340201053,17917.73,3920.75
20190508,340201054,49487.76,10425.83
20190508,340201055,23033.27,4240.88
20190508,340221002,18189.81,5251.07
20190508,340221003,18405.21,4565.69
20190508,340221004,19029.8,5123.49
20190508,340221007,18029.99,4266.35
20190508,340221010,27433.57,8762.26
20190508,340221012,29787.32,4775.52
20190508,340221013,31637.71,7999.95
20190508,340222002,14901.35,3464.11
20190508,340222003,37367.99,7531.93
20190508,340222005,13081.61,2327.07
20190508,340222007,21533.44,4755.14
20190508,340222009,10064.3,1773.08
20190508,340222010,25844.43,4825.39
20190508,340222011,32115.73,5316.74
20190508,340222012,14615.38,2277.51
20190508,340222016,10796.05,2541.93
20190508,340222017,15413.49,3097.96
20190508,340222022,18193.87,3900.89
20190508,340223002,42916.71,8240.41
20190508,340223003,34168.12,6208.87
20190508,340223004,29624.36,6507.64
20190508,340223005,40544.46,9681.39
20190508,340223006,47753.31,8241.79
20190508,340223008,28302.09,4837.24
20190508,340223009,29262.14,5312.64
20190508,340223010,18079.44,3466.39
20190508,340223011,17225.43,3981.4
20190508,340223012,23623.84,4775.39
20190508,340223013,16808.47,3311.48
20190508,340223014,19591.62,3607.67
20190508,340223017,11083.63,1710.33
20190508,340223018,11734.21,1584.45
20190508,340225001,28026.5,9786.42
20190508,340225002,29727.48,5856.56
20190508,340225004,48144.62,5677.39
20190508,340225006,22932.09,3418.51
20190508,340225007,67326.49,15175.65
20190508,340225008,37694.62,4427.29
20190508,340225009,29786.57,5830.41
20190508,340225010,21225.2,3994.25
20190508,340225011,21849.79,3482.19
20190508,340225012,29618.14,6540.66
20190508,340225013,24293.34,4925.28
20190508,340225014,38393.48,8908.43
20190508,340225015,41469.3,7048.29
20190508,340225016,27495.41,4316.14
20190508,340225017,44619.28,12427.97
20190508,340225018,24652.66,6437.9
20190508,340225019,18932.81,3976.58
20190508,340225020,10723.88,1552.18
20190508,340225021,16202.26,2228.08
20190508,340225022,9713.3,2016.29
20190508,340301002,6874.12,2315.34
20190508,340301003,5855.64,1603.83
20190508,340301004,12307.12,4010.61
20190508,340301007,7826.69,2618.28
20190508,340301008,7407.76,1672.57
20190508,340301009,7138.06,1737.93
20190508,340301010,12675.58,4088.23
20190508,340301011,11359.15,2597.93
20190508,340301013,10057.37,2659.39
20190508,340301014,9386.14,2094.06
20190508,340301015,4106.1,1146.06
20190508,340301016,15316.14,2404.4
20190508,340301017,9498.06,2615.7
20190508,340301018,6421.55,2022.24
20190508,340301019,2334.76,823.83
20190508,340301020,9766.59,2405.87
20190508,340301021,7550.65,1900.1
20190508,340301022,12513.29,4243.29
20190508,340301024,9265.86,3231.16
20190508,340301025,24549.69,8600.54
20190508,340301026,20935.57,4810.44
20190508,340321002,8972.22,3923.83
20190508,340321003,15220.13,9688.75
20190508,340321004,11860.59,6913.82
20190508,340321005,12389.04,5577.94
20190508,340321006,11635.92,5516.48
20190508,340321007,14217.24,6278.95
20190508,340321008,8919.05,4454.39
20190508,340321009,13031.05,6896.78
20190508,340321010,17675.98,9706.67
20190508,340321011,24808.56,13767.64
20190508,340321012,12845.17,6428.68
20190508,340321013,9568.52,3174.66
20190508,340321014,10276.2,6522.91
20190508,340321015,12223.74,6712.06
20190508,340321016,10028.08,5397.62
20190508,340321018,12817.68,10101.4
20190508,340321019,14804.7,9153.04
20190508,340321020,10533.37,5418.05
20190508,340321021,13027.02,6013.73
20190508,340321023,10581.83,5357.93
20190508,340321024,10059.11,5342.96
20190508,340321025,18551.1,9608.08
20190508,340322001,16339.56,5842.07
20190508,340322002,33173.32,12090.67
20190508,340322003,12083.23,4694.62
20190508,340322004,24238.96,10417.57
20190508,340322005,20511.63,7022.1
20190508,340322006,26631.68,8661.83
20190508,340322007,19215.44,6574.93
20190508,340322008,29793.99,12042.47
20190508,340322010,29196.81,10045.3
20190508,340322011,26966.34,10674.6
20190508,340322012,19516.15,7252.68
20190508,340322013,18876.6,6756.23
20190508,340322015,13300.69,4458.41
20190508,340322016,20554.54,6927.33
20190508,340322017,15824.68,6759.38
20190508,340322021,10963.6,3444.81
20190508,340323001,11261.82,4383.1
20190508,340323002,10641.93,4052.07
20190508,340323003,19170.01,6481.43
20190508,340323006,19551.77,7174.74
20190508,340323007,23067.07,6205.07
20190508,340323008,18191.5,7080.99
20190508,340323009,16539.89,5753.73
20190508,340323010,16315.92,6922.88
20190508,340323011,13642.25,6211.14
20190508,340323012,15004.38,5718.44
20190508,340323013,5992.36,1729.05
20190508,340323014,7501.83,2883.57
20190508,340323015,5213.78,2377.86
20190508,340323016,14559.21,5224.29
20190508,340323017,19325.02,7483.04
20190508,340323018,12736.45,4036.41
20190508,340323019,14089.59,6507.88
20190508,340323020,10847.15,4274.03
20190508,340323021,9181.54,3640.26
20190508,340323022,11656.31,4856.14
20190508,340323023,10573.78,3589.61
20190508,340323024,12880.27,4639.25
20190508,340401002,10016.22,2555.45
20190508,340401004,12855.01,2554.78
20190508,340401005,12014.3,2038.47
20190508,340401006,11361.48,2167.88
20190508,340401007,8413.87,1861.05
20190508,340401009,22262.45,3019.88
20190508,340401010,10545.63,2335.18
20190508,340401011,16872.31,3750.77
20190508,340401012,12485.66,2103.77
20190508,340401013,13175.06,3565.79
20190508,340401014,24024.26,3537.88
20190508,340401015,13755.22,2438.42
20190508,340401016,14612.89,3657.79
20190508,340401017,14937.98,3257.49
20190508,340401018,14491.18,2598.23
20190508,340401019,15682.63,1608.22
20190508,340401020,23398.61,3950.53
20190508,340401021,16585.09,3416.18
20190508,340401022,19878.69,3651.59
20190508,340401026,24919.73,4657.1
20190508,340401028,15351.78,1836.76
20190508,340401029,20014.63,4103.83
20190508,340401031,16544.62,3140.67
20190508,340401032,20369.63,2785.98
20190508,340401033,20110.41,3932.96
20190508,340401035,13503.88,1456.42
20190508,340401036,16217.29,3142.77
20190508,340401038,12054.46,1281.65
20190508,340401040,25791.75,5357.22
20190508,340401041,14166.93,6803.66
20190508,340401042,33248.49,8908.77
20190508,340401043,26312.91,4379.51
20190508,340401047,36280.2,10953.22
20190508,340401048,18967.32,4052.86
20190508,340401049,17859.51,4484.22
20190508,340401051,21052.71,6473.07
20190508,340401052,15420.63,2410.63
20190508,340401053,13895.82,2374.43
20190508,340421002,20783.4,6287.64
20190508,340421003,30157.36,7899.92
20190508,340421004,51680.31,13835.78
20190508,340421005,32184.78,9851.51
20190508,340421006,26856.76,7704
20190508,340421007,25121.7,9242.67
20190508,340421008,43155.44,11414.71
20190508,340421009,27474.04,8298.09
20190508,340421010,34606.7,8874.63
20190508,340421012,25377.75,6379.07
20190508,340421013,30036.65,8458.01
20190508,340421014,24628.94,8523.29
20190508,340421015,31835.98,8754.93
20190508,340421016,26841.06,6282.61
20190508,340421017,34599.87,7953.94
20190508,340421019,23915.87,6103.75
20190508,340422101,32879.81,9182.06
20190508,340422102,17872.19,6045.45
20190508,340422103,19199.43,4248.94
20190508,340422105,19929.3,4320.69
20190508,340422106,32100.78,5765.7
20190508,340422107,14223.47,4525.03
20190508,340422108,20629.2,6728.7
20190508,340422109,18079.62,2594.86
20190508,340422110,17713.79,4462.39
20190508,340422111,22760.97,7443.25
20190508,340422112,25369.76,6119.2
20190508,340422113,7802.71,2381.37
20190508,340422114,22853.39,6163.42
20190508,340422115,10155.21,3254.4
20190508,340422117,28545.88,7934.12
20190508,340422118,39077.8,6879.71
20190508,340422119,18285.33,3653.51
20190508,340422120,21880.43,4640.09
20190508,340422121,39524.55,6287.96
20190508,340422122,27539.79,5780.3
20190508,340422123,12657.86,2349.43
20190508,340422125,18496.93,3678.11
20190508,340422126,28613.17,4818.17
20190508,340422127,14219.36,2582.71
20190508,340422128,35862.46,7018.47
20190508,340422129,14000.74,3609.79
20190508,340501001,6134.06,1271
20190508,340501003,14644.44,2539.71
20190508,340501004,10772.55,1442.42
20190508,340501006,5120.27,1099.98
20190508,340501007,8720.58,1557.11
20190508,340501008,6469.55,2060.48
20190508,340501009,19790.62,2924.88
20190508,340501010,9689.57,2411.76
20190508,340501012,8348.58,2098.94
20190508,340501013,7369.17,1155.59
20190508,340501014,19303.5,2309.13
20190508,340501015,8724.2,1391.04
20190508,340501016,4640.74,708.48
20190508,340501017,11228.74,1749.05
20190508,340501019,18997.66,4296.81
20190508,340501020,12829.74,1920.28
20190508,340501021,14820.67,2114.95
20190508,340501023,13260.09,1420.48
20190508,340501025,11356.2,2228.02
20190508,340501029,14558.44,2150.34
20190508,340501030,19019.63,3717.92
20190508,340521001,37187,6710.56
20190508,340521003,15009.27,2343.36
20190508,340521004,21798.48,4814.33
20190508,340521006,28914.73,3579.38
20190508,340521010,23200.08,5516.01
20190508,340521011,11883.11,2829.53
20190508,340521012,22956.17,6767.6
20190508,340521013,20945.71,3248.64
20190508,340521014,20967.71,3985.15
20190508,340521017,12698.56,3268.79
20190508,340521019,14914.91,3700.26
20190508,340521020,22524.88,4278.24
20190508,340521021,28849.93,5439.99
20190508,340521022,31640.39,5360.06
20190508,340521023,22516.57,6003.64
20190508,340521024,18195.56,5895.14
20190508,340521025,9876.6,3939.25
20190508,340522001,15741.66,3193.57
20190508,340522003,24596.74,4860.23
20190508,340522004,10842.63,1834.53
20190508,340522006,27186.05,6228.18
20190508,340522007,13509.13,3585.62
20190508,340522008,18954.19,5747.15
20190508,340522009,15454.11,3749.3
20190508,340522010,6902.04,1441.73
20190508,340522011,11109.02,2021.06
20190508,340522013,30347.62,4580.38
20190508,340522015,6556.46,1556.18
20190508,340523001,35084.63,7184.54
20190508,340523002,19051.33,4225.59
20190508,340523004,14732.86,2398.66
20190508,340523005,31788.64,5046.06
20190508,340523006,15882.96,2117.05
20190508,340523007,17550.43,5628.04
20190508,340523008,30453.97,5498.21
20190508,340523009,23425.24,6651.71
20190508,340523010,21422.88,4569.57
20190508,340523012,41862.19,6184.76
20190508,340523013,21976.96,3177.4
20190508,340601002,9870.29,2760.75
20190508,340601003,12219.23,2321.65
20190508,340601006,12030.87,3887.06
20190508,340601007,14589.84,4510.53
20190508,340601008,13783.66,4143.38
20190508,340601009,15932.21,4598.99
20190508,340601010,8775.23,1832.35
20190508,340601011,20362.46,3951.7
20190508,340601013,25830.93,4426.38
20190508,340601016,9319.87,2051.73
20190508,340601017,13238.26,3319.78
20190508,340601018,12932.99,1880.19
20190508,340601019,12801.64,2144.5
20190508,340601020,11451.01,1710.82
20190508,340601021,20400.6,4366.48
20190508,340601023,14411.35,2288.6
20190508,340601024,11875.19,2683.73
20190508,340601026,32800.71,5666.93
20190508,340601027,15939.59,3945.84
20190508,340601028,12135.97,3176.25
20190508,340601030,21683.37,5596.95
20190508,340601031,26589.2,5724.9
20190508,340601032,27774.86,5325.23
20190508,340601033,31929.01,6112.15
20190508,340601036,43890.6,8369.45
20190508,340621002,19403.9,4518.11
20190508,340621003,18194.66,5280.94
20190508,340621005,32061.09,6300.82
20190508,340621006,32783.01,10198.12
20190508,340621007,50691.84,9337.56
20190508,340621010,10947.4,2140
20190508,340621012,35972.9,7613.64
20190508,340621013,40856.6,8675.36
20190508,340621014,30018.89,7635.06
20190508,340621015,31679.28,7422.95
20190508,340621016,50930.85,11551.24
20190508,340621017,13412.44,4039.82
20190508,340621018,43955,12696.22
20190508,340621019,50043.12,15872.45
20190508,340621020,22999.12,5986.87
20190508,340621021,31372.7,7554.76
20190508,340621023,42363.24,9919.99
20190508,340621031,28309.79,6134.52
20190508,340621034,19163.14,5397.58
20190508,340701004,4983.54,1451.78
20190508,340701005,11315.78,2454.46
20190508,340701007,23316.41,4465.87
20190508,340701008,13355.65,2514.37
20190508,340701009,11928.69,2615.03
20190508,340701010,12474.77,2773.06
20190508,340701011,9178.01,2751.07
20190508,340701012,8415.96,1654.67
20190508,340701013,14505.19,2439.33
20190508,340701014,6062.27,1480.96
20190508,340701015,37356.32,6053.9
20190508,340701017,15036.52,2494.61
20190508,340701018,19851.86,3362.71
20190508,340701019,5785.91,2019.52
20190508,340701020,11213.57,2588.26
20190508,340701021,25092.05,3580.6
20190508,340701022,7261.27,1737.53
20190508,340701023,6783.12,1234.92
20190508,340701025,17400.45,3711.53
20190508,340701028,13958.32,2472.51
20190508,340701035,16268.25,2686.12
20190508,340701036,25683.57,3179.35
20190508,340701037,10255.42,1399.2
20190508,340701038,25345.31,3498.94
20190508,340701039,16758.24,2049.19
20190508,340701040,14821.14,1781.18
20190508,340701041,26450.21,3332.36
20190508,340701042,27471.55,3747.71
20190508,340701043,9301.81,1628.76
20190508,340701044,13634.21,1825.41
20190508,340701045,10942.53,1751.75
20190508,340701046,16092.18,1978.62
20190508,340701047,20577.91,3190.03
20190508,340701048,6713.6,1061.09
20190508,340722102,17255.09,1633
20190508,340722103,32569.4,5124.75
20190508,340722104,20175.42,1961.15
20190508,340722105,29001.06,3602.27
20190508,340722106,38881.31,3866.53
20190508,340722107,66721.5,7452.24
20190508,340722108,40672.95,4208.53
20190508,340722109,51836.49,4017.03
20190508,340722110,44420.25,3547.33
20190508,340722111,39275.57,3117.41
20190508,340722112,92687.18,10156.45
20190508,340722113,40799.75,4668.93
20190508,340722114,51279.85,5291.59
20190508,340722115,22872.89,2476.26
20190508,340722116,15756.71,1047.39
20190508,340722118,15893.51,1891.95
20190508,340722119,52660.49,5143.33
20190508,340722121,19292.44,2627.4
20190508,340722122,36765.64,3381.36
20190508,340722123,26027.16,2570.38
20190508,340722124,33611.46,3393.78
20190508,340722125,31384,2606.29
20190508,340722126,30524.9,6878.64
20190508,340801003,29047.4,4072.8
20190508,340801004,26902.28,3721.32
20190508,340801005,19332.01,1671.63
20190508,340801006,35278.88,10433.07
20190508,340801007,13635.33,3096.17
20190508,340801012,24589.88,2096.73
20190508,340801013,17045.07,1984.36
20190508,340801015,21798.59,3188.91
20190508,340801016,12093.57,1684.55
20190508,340801017,25025.54,1975.22
20190508,340801018,34407.04,3878.67
20190508,340801019,30276.44,4534.27
20190508,340801020,35578.06,4087.2
20190508,340801021,21693.83,4453.78
20190508,340801022,32465.92,6893.61
20190508,340801023,30568.88,5511.26
20190508,340801024,20219.45,3319.87
20190508,340801025,23598.45,6723.66
20190508,340801032,40493.26,6063.12
20190508,340801033,59263.59,7907.79
20190508,340801034,31035.29,10842.92
20190508,340822002,20157.85,2943.19
20190508,340822003,31544.27,3341.51
20190508,340822004,49154.25,10797.14
20190508,340822005,21113.62,4515.52
20190508,340822006,82298.16,8806.86
20190508,340822007,26135.73,4241.98
20190508,340822008,30162.11,6510.53
20190508,340822009,57346.04,8839.05
20190508,340822010,24411.35,4483.99
20190508,340822013,33037.86,4438.17
20190508,340822014,31205.73,4143.31
20190508,340822015,32552.72,4136.92
20190508,340822016,37975.07,6800.68
20190508,340822018,26941.35,3153.62
20190508,340822019,28132.79,4784.03
20190508,340822020,20191.82,1801.07
20190508,340822022,30244.88,3093.54
20190508,340822023,30052.31,4758.87
20190508,340822025,52744.71,8198.78
20190508,340822026,67847.71,8942.36
20190508,340822028,26561.89,3557.12
20190508,340822031,9681.12,1184.03
20190508,340824002,35891.52,5423.04
20190508,340824003,23931.08,2075.79
20190508,340824004,29777.3,4274.57
20190508,340824005,42345.27,5646.72
20190508,340824006,42848.58,10333.32
20190508,340824007,9160.45,1304.6
20190508,340824008,20241.98,3952.72
20190508,340824010,18817.25,2795.59
20190508,340824011,36061.7,4279.11
20190508,340824013,34413.8,5983.26
20190508,340824014,21479.08,4564.28
20190508,340824015,23151.42,3955.83
20190508,340824016,26562.77,3701.6
20190508,340824017,18012.26,2701.03
20190508,340824018,20653.39,3391.65
20190508,340824019,29703.43,3812.99
20190508,340824020,21284.51,4172.33
20190508,340824021,20552.9,5110.62
20190508,340825001,25591.55,4610.66
20190508,340825002,27860.6,5658.69
20190508,340825003,14578.01,2317.36
20190508,340825004,33793.5,11754.99
20190508,340825005,15016.83,4296.7
20190508,340825006,17259.71,4783.2
20190508,340825007,17249.27,3226.57
20190508,340825008,13298.3,4205.8
20190508,340825009,22708.2,5123.79
20190508,340825010,14132.04,3881.77
20190508,340825012,38330.76,7211.41
20190508,340825013,11262.44,3303.38
20190508,340825014,41252.95,7910.49
20190508,340825016,32442.63,8626.1
20190508,340825017,26221.24,5972.08
20190508,340826002,41430.14,8913.75
20190508,340826003,33610.64,5358.15
20190508,340826004,34891.74,5984.63
20190508,340826005,18130.91,3242.93
20190508,340826006,45789.66,10337.73
20190508,340826007,45069.49,10865.96
20190508,340826008,36821.25,9923.63
20190508,340826009,20315,5949.57
20190508,340826010,35171.92,8672.77
20190508,340826011,28090.6,6108.99
20190508,340826012,25052.04,5992.28
20190508,340826013,28370.16,7148.48
20190508,340826014,33241.7,6686.72
20190508,340826017,46482.83,9241.18
20190508,340826018,27022.9,7167.76
20190508,340826019,47308.83,9859.39
20190508,340826020,39599.91,10160.95
20190508,340826021,25001.8,4357.09
20190508,340826022,24570.65,4678.42
20190508,340827001,15043.35,2985.16
20190508,340827002,24354.66,4709.87
20190508,340827003,78652.97,10955.19
20190508,340827004,80468.09,11914.51
20190508,340827006,22741.26,4966.43
20190508,340827007,39771.87,4855.53
20190508,340827008,40268.25,7435.68
20190508,340827009,35828.14,6572.23
20190508,340827010,11555.03,1559.63
20190508,340827011,23691.09,4600.45
20190508,340827013,28957.67,4437.03
20190508,340827014,19873.6,3968.14
20190508,340827015,25199.4,5577.08
20190508,340827016,17394.5,4753.46
20190508,340827017,15883.18,2514.59
20190508,340827019,45318.97,5449.74
20190508,340827020,31717.16,5247.3
20190508,340827021,31270.6,4108.36
20190508,340827022,28135.86,6019.71
20190508,340827023,27928.44,4351.55
20190508,340828001,14624.28,4032.4
20190508,340828003,29126,6022.14
20190508,340828004,25128.98,8974.28
20190508,340828005,17083.11,5544.62
20190508,340828006,18698.51,4969.09
20190508,340828007,11556.8,2784
20190508,340828008,28888.59,4886.09
20190508,340828009,29528.09,5800.6
20190508,340828010,8718.78,2311.06
20190508,340828011,14022.16,4149.75
20190508,340881001,33802.16,5024.83
20190508,340881002,23253.84,3647.04
20190508,340881003,36253.33,5295.84
20190508,340881004,23902.89,2241.38
20190508,340881005,23602.3,3053.37
20190508,340881007,29449.31,2963.79
20190508,340881008,26726.07,2583.22
20190508,340881009,23877.28,3507.4
20190508,340881010,40108.87,5278.33
20190508,340881012,47056.89,6116.35
20190508,340881013,42010.19,4635.56
20190508,340881014,56507.72,7636.56
20190508,340881015,48346.02,6496.08
20190508,340881016,30201.4,4180.37
20190508,340881017,30276.68,3809.52
20190508,340881018,27965.91,4345.12
20190508,340881019,27353.63,2439.98
20190508,340881020,18971.36,2539.64
20190508,340881022,42418.24,4683.72
20190508,341001003,12439.63,3776.5
20190508,341001004,9254.72,2077.72
20190508,341001005,9782.77,2206.74
20190508,341001006,18541.06,2790.33
20190508,341001007,11525.25,2554.96
20190508,341001015,9085.88,1322.37
20190508,341003004,10369.71,1614.1
20190508,341003006,7674.49,1170.19
20190508,341003007,9776.23,1343.64
20190508,341003008,12962.11,2434.76
20190508,341003011,6448.14,854.82
20190508,341003012,6445.53,903.47
20190508,341003013,4226.06,805.57
20190508,341003014,3813.3,679.58
20190508,341003015,12676.63,1525.81
20190508,341003016,8648.42,1168.03
20190508,341003017,12490.81,2244.75
20190508,341003018,16238.83,2367.57
20190508,341003019,9724.59,1513.55
20190508,341003020,4211.57,457.8
20190508,341003022,5512.24,1462.62
20190508,341003023,3324.88,448.46
20190508,341021001,14259.97,1599.77
20190508,341021003,22515.9,3533.59
20190508,341021004,12095.35,1704.64
20190508,341021005,11084.32,1512.24
20190508,341021007,11804.47,1913.59
20190508,341021008,9353.19,1557.56
20190508,341021009,12343.6,1260.87
20190508,341021010,7826.67,844.09
20190508,341021011,21443.26,3415.76
20190508,341021012,22857.11,2820.47
20190508,341021013,6039.88,780.79
20190508,341021014,10255.6,1149.61
20190508,341021015,10501.07,1533.95
20190508,341021016,4934.3,764.55
20190508,341021017,16743.83,2219.59
20190508,341021018,16611.3,2607.63
20190508,341021019,19177.49,1962.25
20190508,341021022,15411.59,1900.73
20190508,341021024,3675.49,604.15
20190508,341021025,18493.86,2750.21
20190508,341021026,7538.75,819
20190508,341022003,8135.2,1176.64
20190508,341022004,10207.71,1381.31
20190508,341022005,14726.67,1089.27
20190508,341022006,14749.66,1621.55
20190508,341022008,6615.4,976.75
20190508,341022009,8820.86,940.19
20190508,341022010,11101.35,948.12
20190508,341022011,7351.35,1071.84
20190508,341022012,16859.08,1979.49
20190508,341022013,10523.25,1168.43
20190508,341022014,11556.66,1822.47
20190508,341023001,8339.35,1724.24
20190508,341023003,6149.79,1348.73
20190508,341023004,9975.13,1568.21
20190508,341023005,2729.7,374.62
20190508,341023006,3973.1,532.62
20190508,341023007,5342.4,1155.29
20190508,341024003,11344.9,839.69
20190508,341024004,11784.75,1183.65
20190508,341024005,14206.96,1732.78
20190508,341024006,19498.48,1967.63
20190508,341024007,18252.93,1644.76
20190508,341024008,11172.69,1585.3
20190508,341024009,16389.83,1956.26
20190508,341024010,9133.71,526.12
20190508,341101003,18138.24,3473.68
20190508,341101004,12742.52,2277.24
20190508,341101005,45363.71,8121.86
20190508,341101006,18903.08,2879.55
20190508,341101008,21449.62,3117.84
20190508,341101010,21167.33,4889.48
20190508,341101011,12772.58,2957.74
20190508,341101012,17904.11,3267.78
20190508,341101013,20335.95,3725.92
20190508,341101014,19364.64,4079.23
20190508,341101018,17137.58,2789.79
20190508,341101019,21888.4,4652.62
20190508,341122002,17570.09,3537.83
20190508,341122003,22451.74,4370.84
20190508,341122004,21092.38,4864.98
20190508,341122005,21431.11,9018.52
20190508,341122006,17961.37,2944.35
20190508,341122007,25077.1,3684.44
20190508,341122008,27134.2,6797.11
20190508,341122009,33341.38,4750.51
20190508,341122011,27480.58,3098.89
20190508,341124002,9564.75,2226.19
20190508,341124003,26962.23,6938.94
20190508,341124004,23194.37,3958.23
20190508,341124005,18651.44,3107.57
20190508,341124007,9242.74,2321.57
20190508,341124008,14663.17,3405.57
20190508,341124009,13626.48,3114.08
20190508,341124010,9936.03,2291.19
20190508,341124011,15128.08,2552.08
20190508,341124012,12831.99,4412.16
20190508,341124013,26247.63,4585.93
20190508,341125002,29018.49,11572.59
20190508,341125003,20681.54,6507.03
20190508,341125004,24096.73,5873.13
20190508,341125005,19868.84,5726.47
20190508,341125006,31098.8,6379.24
20190508,341125008,16022.62,4410.38
20190508,341125009,29298.61,7575.13
20190508,341125010,12563.21,3656.4
20190508,341125011,11873.39,3215.54
20190508,341125012,18713.63,6963.35
20190508,341125013,10040.94,3443.02
20190508,341126002,39215.49,15474.95
20190508,341126003,14265.04,11380.7
20190508,341126005,25967.74,7731.37
20190508,341126006,24017.15,11916.39
20190508,341126007,18853.71,5486.62
20190508,341126008,25773.48,9298.08
20190508,341126009,25773.28,10345.58
20190508,341126010,22375.01,7284.22
20190508,341126012,13492.16,3750.31
20190508,341181001,28868.17,4866.8
20190508,341181002,53333.75,10776.6
20190508,341181003,20866.04,5594.59
20190508,341181004,28225.52,6266.7
20190508,341181005,22968.58,4249.52
20190508,341181006,25980.54,5071.43
20190508,341181008,17233.38,3202.93
20190508,341181009,38308.08,12765.81
20190508,341181010,32827.03,5022.21
20190508,341181012,15370.03,3489.21
20190508,341181013,32979.31,5169.19
20190508,341181014,25608.13,3880.03
20190508,341182002,7761.36,1533.93
20190508,341182003,17544.28,5377
20190508,341182004,14756.99,2615.77
20190508,341182005,13419.88,3725.88
20190508,341182006,18581.56,4633.91
20190508,341182007,14508.35,5121.83
20190508,341182008,7736.64,2673.45
20190508,341182009,16905.2,5144.49
20190508,341182010,28462.64,6469.15
20190508,341182011,6122.2,825.27
20190508,341182013,19819.58,5197.76
20190508,341182014,18457.05,5342.24
20190508,341182015,20176.64,6745.75
20190508,341182016,10480.06,3333.11
20190508,341201001,21660.21,6897.22
20190508,341201002,12475.32,3530.24
20190508,341201003,11127.72,4340.78
20190508,341201004,21193.01,5923.4
20190508,341201005,30669.5,5564.32
20190508,341201007,13935.54,3377.36
20190508,341201008,18891.53,4945.17
20190508,341201009,24434.4,5962.24
20190508,341201011,14389.18,4577.22
20190508,341201012,29502.75,9560.1
20190508,341201013,24154.68,5945.03
20190508,341201014,11046.66,3639.04
20190508,341201015,20273.53,5616.68
20190508,341201016,18357.7,4136.57
20190508,341201017,20791.56,5854.41
20190508,341201018,21078.5,4780.31
20190508,341201019,20940.56,8271.95
20190508,341201020,33043.46,7179.51
20190508,341201021,20954.52,4832.54
20190508,341201023,34439.58,7084.05
20190508,341201025,34547.98,8860.46
20190508,341201026,25903.21,5294.45
20190508,341201027,31814.19,6148.29
20190508,341201028,34595.85,6747.24
20190508,341201030,44300.54,8704.8
20190508,341201031,19970.81,4092.6
20190508,341201032,19005.9,3973.13
20190508,341201033,31623.52,6265.66
20190508,341201034,28564.42,5858.56
20190508,341201035,13142.97,5594.08
20190508,341201037,17235.15,7943.54
20190508,341201038,21163.92,8605.39
20190508,341201042,34179.25,7898.6
20190508,341221001,47851.85,12507.13
20190508,341221002,37855.66,12096.22
20190508,341221003,37589.01,10447.3
20190508,341221004,44726.89,12283.44
20190508,341221005,38772.08,9988.7
20190508,341221006,40323.14,11171.08
20190508,341221007,45946.65,12160.42
20190508,341221008,37453.52,9712.7
20190508,341221009,33665.48,11741.23
20190508,341221010,52044.75,12623.82
20190508,341221011,34392.54,8310.21
20190508,341221012,71271.47,21356.04
20190508,341221013,49126.17,14988.13
20190508,341221015,31216.81,8505.59
20190508,341221016,33908.21,8830.87
20190508,341221017,35845.88,12099.74
20190508,341221018,36580.54,8522.84
20190508,341221019,54455.66,15745.58
20190508,341221020,33874.76,7175.92
20190508,341221021,40260.33,9598.91
20190508,341221022,31427.13,10230.08
20190508,341221023,37318.06,9917.57
20190508,341221024,22655.01,6484.5
20190508,341221025,20892.36,6959.91
20190508,341221026,39113.02,10258.55
20190508,341221027,41111.69,11105.04
20190508,341221028,31013.48,9351.57
20190508,341222001,25789.51,9938.59
20190508,341222002,18934.88,6036.42
20190508,341222003,36401.04,10577.48
20190508,341222004,10721.55,3983.87
20190508,341222005,24867.87,7702.18
20190508,341222006,15413.61,4944.36
20190508,341222007,36274.6,9068.88
20190508,341222009,31368.15,9942.98
20190508,341222010,57895.13,7933.48
20190508,341222011,68830.52,10513.62
20190508,341222012,47840.59,7909.14
20190508,341222013,51444.09,9845.94
20190508,341222014,74296.43,14676.57
20190508,341222015,47252.81,10565.41
20190508,341222016,53990.14,11474.33
20190508,341222017,42246.88,9837.51
20190508,341222018,48522.07,16729.64
20190508,341222019,72030.84,14206.07
20190508,341222020,34892.94,7697.53
20190508,341222021,44644.99,7851.7
20190508,341222022,43849.26,5858.8
20190508,341222023,32736.11,10046.86
20190508,341222024,48284.43,8699.38
20190508,341222025,51615.2,11111.19
20190508,341222026,43815.91,12084.42
20190508,341222027,38436.73,8473.14
20190508,341222028,28401.57,10050.92
20190508,341222029,34705.4,8054.13
20190508,341222030,38450.72,6599.44
20190508,341222031,32212.34,5721.97
20190508,341222035,26375.18,7073.24
20190508,341225001,19509.25,5802.26
20190508,341225002,21311.14,6509.16
20190508,341225003,21334.49,5736.6
20190508,341225004,30384.84,8213.85
20190508,341225005,13377.87,3991.72
20190508,341225006,48780.86,14601
20190508,341225008,30264.59,8715.12
20190508,341225009,33147.61,9006.87
20190508,341225011,30310.29,7222.96
20190508,341225012,26519.21,9283.68
20190508,341225013,50174.53,15029.96
20190508,341225014,34150.15,10955.37
20190508,341225015,49276.67,13817.49
20190508,341225016,32131.09,8209.08
20190508,341225017,34339.83,10769.84
20190508,341225018,58993.9,12677.8
20190508,341225019,27322.08,5521.57
20190508,341225020,29172.27,6428.42
20190508,341225021,36526.77,9337.88
20190508,341225023,19746.07,6938.35
20190508,341225027,20173.77,5314.93
20190508,341226001,26363.52,9457.04
20190508,341226002,42121.83,13137.12
20190508,341226004,27841.27,10630.34
20190508,341226005,36945.47,8895.42
20190508,341226006,26446.11,6748.27
20190508,341226007,22859.99,4808.95
20190508,341226008,23922.82,5794.74
20190508,341226009,31228.88,9361.06
20190508,341226011,23247.14,5929.16
20190508,341226012,26182.25,4735.43
20190508,341226013,18788.62,6252.71
20190508,341226014,26180.88,6670.61
20190508,341226015,27698.71,6756.78
20190508,341226016,24478.55,8736.25
20190508,341226017,18637.54,4083.19
20190508,341226018,28975.73,7242.14
20190508,341226019,30723.43,8080.77
20190508,341226020,21860.27,4428.43
20190508,341226021,30975.56,9335.07
20190508,341226022,25754.16,9290.92
20190508,341226023,12034.14,4885.49
20190508,341226026,16115.99,5858.79
20190508,341282001,21696.42,4757.34
20190508,341282002,21065.38,4990.06
20190508,341282003,34171.09,9996.08
20190508,341282004,26022.85,7178.51
20190508,341282005,34151.46,9617.64
20190508,341282006,45570.33,11950.42
20190508,341282007,34618.7,9465
20190508,341282008,31383.05,6931.82
20190508,341282009,26269.9,5444.75
20190508,341282010,20763.88,6097.73
20190508,341282011,32318.08,7484.1
20190508,341282013,36906.06,9808.06
20190508,341282014,25097.14,6429.21
20190508,341282015,26024.86,4929.89
20190508,341282016,37695.65,5982.65
20190508,341282019,24801.8,5926.75
20190508,341301001,28137.15,7020.16
20190508,341301002,12880.9,3675.31
20190508,341301003,10072.74,4828.31
20190508,341301004,30626.8,9968.25
20190508,341301005,25705.17,8103.22
20190508,341301006,19302.27,5438.59
20190508,341301007,19363.31,5125.57
20190508,341301009,24595.59,8427.83
20190508,341301010,27858.01,8765.64
20190508,341301011,14986.41,5266.16
20190508,341301012,12712.91,4867.75
20190508,341301013,32281.47,8991.06
20190508,341301014,33573.81,12536.65
20190508,341301015,45640.25,17687.38
20190508,341301017,22431.76,7099.33
20190508,341301020,30618.57,9072.03
20190508,341301021,23313.03,6811.74
20190508,341301023,42805.79,15883.17
20190508,341301025,43569.61,18247.14
20190508,341301026,43893.97,16996.79
20190508,341301027,52316.73,24477.03
20190508,341301028,42743.82,16230.54
20190508,341301029,32960.58,9352.55
20190508,341301030,30277.97,10194.14
20190508,341301032,40549.45,17664.4
20190508,341301034,32204.02,9274.76
20190508,341301036,19698.79,5496.21
20190508,341301038,26396.23,9372.76
20190508,341301039,20977.55,4528.53
20190508,341301040,49691.93,18486.68
20190508,341301041,26618.95,9836.2
20190508,341321001,22008.98,9034.41
20190508,341321002,16993.41,7425.73
20190508,341321003,20009.13,8611.89
20190508,341321004,43721.86,18590.46
20190508,341321005,32715.41,9389.13
20190508,341321006,32042.77,14838.45
20190508,341321007,52432.29,21671.92
20190508,341321008,20939.01,8023.05
20190508,341321009,27687.67,8344.84
20190508,341321010,15979.46,5282.12
20190508,341321011,24115.16,8219.61
20190508,341321012,29386.83,12203.65
20190508,341321013,34684.79,13329.83
20190508,341321014,41761.91,14905.33
20190508,341321016,17355.68,5865.23
20190508,341321017,28428.44,10333.62
20190508,341321018,32482.46,14285.31
20190508,341321019,34261.42,12624.42
20190508,341321020,19518.66,8438.96
20190508,341321021,34328.53,12914.94
20190508,341321022,27240.09,9554.82
20190508,341321023,15486.49,5218.84
20190508,341322002,60204.76,18968.63
20190508,341322004,26207.83,9076
20190508,341322005,34289.59,11656.23
20190508,341322006,44764.65,12952.99
20190508,341322007,28404.62,8173.44
20190508,341322008,20502.55,5807.46
20190508,341322012,18120.23,4711.66
20190508,341322013,27397.36,7095.88
20190508,341322014,32218.02,12967.06
20190508,341322015,40598.76,12088.77
20190508,341322016,19435.39,6283.39
20190508,341322017,31569.71,8728.9
20190508,341322018,20070.71,8746.74
20190508,341322019,18687.97,6622.68
20190508,341322020,18652.48,6717.84
20190508,341322021,18742.73,7314.54
20190508,341322022,24934.33,6909.71
20190508,341322023,38199.71,14162.96
20190508,341322024,18676.32,7464.44
20190508,341322025,19921.83,7626.93
20190508,341322026,32634.32,12375.94
20190508,341323002,26369.57,11825.76
20190508,341323003,29124.28,15095.66
20190508,341323004,32285.1,16818.06
20190508,341323005,37483.06,20368.74
20190508,341323006,39358.69,20673.39
20190508,341323008,29339.1,12158.36
20190508,341323009,31780.74,11750
20190508,341323010,42741.8,20882.32
20190508,341323011,32944.33,11625.1
20190508,341323012,34352.34,14446.85
20190508,341323013,39321.97,13699.04
20190508,341323014,29735.99,12607.49
20190508,341323016,23187.85,11681.32
20190508,341323017,25102.01,9606.95
20190508,341323018,37689.52,13179.07
20190508,341323019,35223.19,15045.96
20190508,341323020,26086.57,12821.14
20190508,341324001,31726.28,11469.92
20190508,341324003,35860.81,11502.91
20190508,341324004,33290.44,13390.43
20190508,341324005,58475.93,19827.49
20190508,341324006,38228.88,14579.62
20190508,341324007,44903.17,14808.19
20190508,341324008,27345.62,9246.66
20190508,341324009,38456.91,16453.58
20190508,341324010,39613.53,19415.34
20190508,341324011,37554.46,18077.84
20190508,341324012,41351.9,13545.43
20190508,341324015,13922.31,5054.75
20190508,341501001,20021.42,4916.96
20190508,341501002,21715.94,4104.53
20190508,341501003,26538.68,5212.74
20190508,341501005,21188.07,5694.69
20190508,341501007,26297.75,4558.41
20190508,341501008,22758.9,5992.95
20190508,341501011,27737.63,6228.5
20190508,341501012,37663.14,7286.55
20190508,341501013,42121.76,3322.39
20190508,341501014,28538.54,5313.96
20190508,341501015,56888.13,10830.54
20190508,341501017,28012.01,5367.94
20190508,341501018,41409.65,4299.99
20190508,341501019,22435.84,2887.58
20190508,341501020,44260.96,7614.43
20190508,341501021,44631.58,5764.11
20190508,341501022,26062.36,4585.48
20190508,341501023,50782.2,13319.11
20190508,341501024,31919.61,10691.17
20190508,341501025,25267.23,4544.54
20190508,341501026,18976.01,4606.09
20190508,341501027,23280.15,6048.44
20190508,341501028,26889.33,9717.16
20190508,341501029,19751.24,5126.8
20190508,341522001,26554.86,5666.97
20190508,341522002,25373.66,9088.38
20190508,341522004,41363.8,13589.65
20190508,341522005,53632.9,14517.94
20190508,341522006,37199.03,6699.45
20190508,341522007,41116.97,10151.3
20190508,341522008,30342.89,8935.07
20190508,341522009,30110.7,9895.71
20190508,341522010,28631.39,7553.41
20190508,341522011,31800.52,7399.14
20190508,341522012,44333.32,6261.47
20190508,341522013,37446.54,6767.63
20190508,341522014,25383.4,5216.63
20190508,341522015,44607.41,9557.04
20190508,341522016,25769.19,5565.65
20190508,341522018,23214.6,5695.32
20190508,341523001,57552.7,9951.15
20190508,341523003,27715.44,4521.23
20190508,341523004,22788.37,3372.75
20190508,341523005,42379.35,6275.64
20190508,341523006,23362.35,4536.68
20190508,341523007,17693.65,2586.39
20190508,341523008,21170.37,3571.79
20190508,341523009,30868.99,4919.22
20190508,341523010,34785.93,7891.43
20190508,341523011,25953.61,3637.49
20190508,341523012,33185.77,5549.16
20190508,341523013,45799.23,7249.26
20190508,341523014,12534.07,1853.45
20190508,341523015,27478.18,3956.16
20190508,341523016,22790.33,3951.54
20190508,341523017,36647.9,5907.95
20190508,341523018,37917.5,4330.26
20190508,341523019,31458.87,4509.32
20190508,341523020,32992.84,2694.43
20190508,341523021,22438.9,2730.35
20190508,341523022,34334.84,4447.5
20190508,341523023,27276.44,4177.07
20190508,341523025,32238.14,4187.49
20190508,341523026,25416.23,5835.76
20190508,341523028,5524.24,1144.63
20190508,341524001,20042.76,6457.2
20190508,341524003,11042.26,4285.7
20190508,341524004,31414.51,10177.6
20190508,341524006,25178.63,5396.92
20190508,341524007,22843.53,7476.21
20190508,341524008,28902.66,5636.98
20190508,341524009,21724.96,3605.73
20190508,341524011,48496.11,12062.5
20190508,341524012,23270.29,7441.47
20190508,341524014,25460.98,8184.71
20190508,341524017,17700.63,3998.2
20190508,341524018,7481.12,2285.45
20190508,341524019,12578.53,5603.43
20190508,341525002,37483.81,5059.45
20190508,341525003,32100.76,6553.65
20190508,341525004,12577.02,1812.73
20190508,341525005,17822.31,2480.07
20190508,341525006,21995.26,3927.93
20190508,341525007,11586.9,1844.33
20190508,341525008,24670.45,5732.62
20190508,341525009,15429.51,2311.28
20190508,341525010,16195.8,3177.21
20190508,341525011,25399.41,2530.5
20190508,341525013,18040.56,3285.81
20190508,341525014,30307.12,5855.05
20190508,341525015,17324.45,2077.27
20190508,341525016,18094.41,2841.09
20190508,341601001,9188.55,2635.86
20190508,341601002,6534.76,2800.61
20190508,341601003,14446.77,5684.16
20190508,341601004,8056.65,2661.62
20190508,341601005,11171.51,4177.82
20190508,341601006,15527.22,7981.28
20190508,341601007,13323.37,4427.35
20190508,341601008,9392.05,3726.23
20190508,341601009,6804.32,2860.78
20190508,341601010,6459.74,4678.58
20190508,341601011,4908.52,2559.37
20190508,341601012,8664.6,4062.71
20190508,341601013,8657.87,3063.52
20190508,341601014,13108.35,7488.78
20190508,341601015,8983.37,3304.71
20190508,341601016,5741.95,2334.28
20190508,341601018,25326.62,6831.82
20190508,341601019,39899.47,12247.34
20190508,341601020,30630.71,6913.29
20190508,341601022,22295.91,7692.97
20190508,341601023,28961.4,7501.68
20190508,341601024,21922.53,7994.35
20190508,341601025,24382.5,6789
20190508,341601027,49553.43,12064.74
20190508,341601028,30116.12,8227.56
20190508,341601029,29777.41,9241.85
20190508,341601030,14524.09,5616.7
20190508,341601031,23262.85,7359.15
20190508,341601037,12624.89,7444.67
20190508,341621002,17678.87,6311.92
20190508,341621003,17250.9,6765.76
20190508,341621004,19392.24,7287.08
20190508,341621005,19901.34,7503.33
20190508,341621007,44149.82,14383.48
20190508,341621008,29885.44,7553.04
20190508,341621009,15929.21,6545.48
20190508,341621010,10634.05,4090.46
20190508,341621011,36319.49,6862.2
20190508,341621012,32140.54,9145.74
20190508,341621013,37253.37,7887.75
20190508,341621014,29241.88,6630.62
20190508,341621015,39823.08,8689.19
20190508,341621016,40479.47,12299.31
20190508,341621017,31757.92,7794.1
20190508,341621018,19272.9,8808.44
20190508,341621019,24758.95,9422.63
20190508,341621020,20670.14,4199
20190508,341621021,33696.67,11986.58
20190508,341621022,39974.84,10419.48
20190508,341621023,30951.16,9038.22
20190508,341621024,15937.4,5490.75
20190508,341621025,22343.58,5727.28
20190508,341621026,34188.32,10113.15
20190508,341621027,22880.1,5220.12
20190508,341621028,30760.99,10350.22
20190508,341621029,37211,8673.06
20190508,341622001,24167.6,5357.56
20190508,341622002,30575.25,7076.3
20190508,341622003,20203.49,6265.82
20190508,341622004,15752.78,3784.11
20190508,341622005,36372.56,7187.28
20190508,341622006,21118.36,6153.72
20190508,341622007,22683.58,5762.72
20190508,341622008,29053.77,9730.72
20190508,341622009,22377.4,4777.26
20190508,341622010,32745.36,13411.3
20190508,341622012,22472,4841.31
20190508,341622013,37679.5,14750.95
20190508,341622014,23561.07,6732.79
20190508,341622015,42087.16,11263.69
20190508,341622016,37226.39,10713.74
20190508,341622017,24176.18,6109.58
20190508,341622018,24085.19,6820.03
20190508,341622019,21864.47,4276.4
20190508,341622020,23209.59,7076.22
20190508,341622021,23542.33,5340.51
20190508,341623001,20664.03,5426.95
20190508,341623002,18145.45,5590.67
20190508,341623003,43194.92,12935.64
20190508,341623005,18829.82,5121.02
20190508,341623006,33070.05,6593.86
20190508,341623008,17379.07,6462.18
20190508,341623009,14413.04,3198.08
20190508,341623010,21406.7,5664.49
20190508,341623011,32374.37,7563.66
20190508,341623012,35465.48,5976.78
20190508,341623013,47790.46,13133.35
20190508,341623014,41657.59,10393.38
20190508,341623015,16818.67,3130.12
20190508,341623016,43030.16,7118.6
20190508,341623017,21144.85,6281.79
20190508,341623018,29238.81,5654.66
20190508,341623019,24594.61,4660.01
20190508,341623020,33818.3,6752.48
20190508,341623021,29018.35,6205.83
20190508,341623022,23443.91,7144.82
20190508,341623023,15429.14,4208.67
20190508,341623024,26103.2,8712.4
20190508,341701002,14865.91,1770.1
20190508,341701005,9204.25,2432.72
20190508,341701007,22263.15,3723.76
20190508,341701008,15043.55,2694.83
20190508,341701009,18598.17,1909.48
20190508,341701011,20999.85,2424.93
20190508,341701012,26413.46,5119.89
20190508,341701013,12781.29,2273.81
20190508,341701014,14008.14,3029.52
20190508,341701015,12940.86,3229.8
20190508,341701016,20464.25,4490.68
20190508,341701017,30045.25,5969.38
20190508,341701018,17378.72,2690.64
20190508,341701019,15493.11,3092.37
20190508,341701020,9499.06,2547.03
20190508,341701021,11046.79,2284.02
20190508,341701022,30890.06,7603.9
20190508,341701023,25079.52,4236.34
20190508,341701024,12483.85,3013.71
20190508,341701025,27540.06,4221.86
20190508,341701026,29053.11,6031.02
20190508,341701027,6256.23,2720.96
20190508,341701028,16234.77,3235.26
20190508,341721002,47841.77,4488.77
20190508,341721004,36012.41,4715.79
20190508,341721005,30368.13,5194.1
20190508,341721006,31199.99,3440.87
20190508,341721007,27539.87,4754.37
20190508,341721008,17409.85,2798.64
20190508,341721009,23812.79,3117.38
20190508,341721010,35341.13,6306.46
20190508,341721011,40610.28,6705.25
20190508,341721012,22277.23,4166.76
20190508,341721013,9540.46,1514.74
20190508,341721014,12583.46,1968.31
20190508,341721015,7335.87,1080.66
20190508,341721016,31151.79,7269.07
20190508,341721017,9155.37,1933.15
20190508,341721018,19997.05,5092.4
20190508,341721019,45783.14,8764.24
20190508,341721020,26332.57,4160.35
20190508,341721021,14024.08,2381.48
20190508,341722002,12259.58,2941.5
20190508,341722003,5736.18,1299.91
20190508,341722004,12189.98,2644.99
20190508,341722005,8164.26,1474.49
20190508,341722006,10847.15,2575.14
20190508,341722007,21048.74,4149
20190508,341722008,9903.41,1950.24
20190508,341723001,17812.32,3794.25
20190508,341723003,12988.45,1709.08
20190508,341723004,21666.55,3480.18
20190508,341723005,13971.14,1743.47
20190508,341723006,15764,1837.7
20190508,341723007,13070.9,1837.57
20190508,341723008,23787.59,3986
20190508,341723009,8188.35,914.04
20190508,341723010,22774.97,3518.12
20190508,341723011,12679.69,2165.55
20190508,341723013,9225.55,1408.31
20190508,341801001,27696.34,5927.51
20190508,341801004,20914.09,3987.32
20190508,341801005,38599.55,12061.06
20190508,341801007,23286.42,6175.56
20190508,341801008,25219.05,4237.04
20190508,341801009,11363.73,2909.85
20190508,341801010,24061.14,5920.24
20190508,341801011,29875.32,6447.5
20190508,341801013,15517.98,2515.97
20190508,341801015,23878.94,6144.03
20190508,341801016,38322.41,6770.75
20190508,341801017,27953.21,5927.83
20190508,341801018,34519.25,7759.43
20190508,341821002,13715.15,4017.43
20190508,341821004,14087.56,2407.39
20190508,341821005,12822.55,2323.37
20190508,341821006,10665.53,1372.97
20190508,341821007,42270.89,7910.18
20190508,341821008,20578.16,5645.67
20190508,341821009,18421.68,3409.83
20190508,341821010,19434.77,5104.6
20190508,341822002,19171.98,5745.9
20190508,341822003,15128.17,3925.36
20190508,341822004,13023.81,4030.67
20190508,341822006,22055.8,6090.26
20190508,341822007,20126.94,5599.15
20190508,341822008,15032.6,4969.35
20190508,341822009,21706.95,5897.08
20190508,341822010,22933.72,6793.66
20190508,341822011,14798.35,5201.59
20190508,341822012,11794.57,3466.6
20190508,341823001,10401.26,1199.03
20190508,341823002,13547.71,2108.15
20190508,341823003,16619.56,2852.66
20190508,341823005,16328.06,2945.66
20190508,341823006,11179.54,2014.09
20190508,341823007,19609.46,2824.95
20190508,341823008,26385.74,3313.03
20190508,341823009,13479,2017.87
20190508,341823010,17296.8,3337.15
20190508,341823011,13157.15,2012.79
20190508,341823012,10350.9,1512.46
20190508,341823013,10967.2,2950.67
20190508,341823014,29142.84,6696.82
20190508,341823016,11034,3811.26
20190508,341824002,39236.43,11145.45
20190508,341824004,12907.65,2370.12
20190508,341824005,9040.69,1707.76
20190508,341824006,8692.9,1780.84
20190508,341824007,9003.26,1368.23
20190508,341824008,9980.52,1382.94
20190508,341824009,9199.05,1294.86
20190508,341825002,9145.1,1633.69
20190508,341825003,20358.6,3106.75
20190508,341825004,10045.44,2060.12
20190508,341825005,12559.69,2946.44
20190508,341825006,16028.08,3043.53
20190508,341825007,17965.44,3544.44
20190508,341825008,8438.12,2411.79
20190508,341825012,5209.65,1328.46
20190508,341881002,23797.02,4407.33
20190508,341881003,10499.57,2141.28
20190508,341881004,9459.89,2561.76
20190508,341881005,4988.18,1118.52
20190508,341881006,16134.25,5031.31
20190508,341881007,4799.12,1206.63
20190508,341881008,8224.33,2093.62
20190508,341881009,8526.54,1768.99
20190508,341881010,8715.57,2099
20190508,341881011,22111.15,6765.79
20190508,341881013,27170.66,6029.24
20190508,341881014,10891.62,2707.35
20190508,341881015,18618.82,7493.91
20190508,341881016,20005.92,5836.55
