#日期,机构,余额,活期余额
20190515,340101011,30693.78,7997.38
20190515,340101012,37808.05,17151.48
20190515,340101015,22890.28,5964.83
20190515,340101016,38031.82,9498.73
20190515,340101017,18518.44,5587.21
20190515,340101018,20563.01,5727
20190515,340101021,12591.81,4765.12
20190515,340101023,9556.11,3819.39
20190515,340101024,14726.71,2778.48
20190515,340101025,28119.92,6642.99
20190515,340101028,41762.22,10760.92
20190515,340101029,10245.1,2735.87
20190515,340101031,29476.56,7525.4
20190515,340101032,23313.58,6444.55
20190515,340101034,22472.37,6900.51
20190515,340101036,22131.27,5152.73
20190515,340101037,20234.13,7575.93
20190515,340101038,18554.9,4315.15
20190515,340101039,14127.06,2741.62
20190515,340101040,19017.25,4271.11
20190515,340101042,12584.87,3403.8
20190515,340101043,29691.58,5878.82
20190515,340101044,10575.2,3357.3
20190515,340101045,46833.81,7154.39
20190515,340101047,13661.84,3338.11
20190515,340101049,10555.87,3536.1
20190515,340101050,29469.17,6889.75
20190515,340101051,23319.56,11751.64
20190515,340101052,15335.96,2963.85
20190515,340101053,12545.53,3564.66
20190515,340101054,14019.49,5431.36
20190515,340101057,13963.48,4401.84
20190515,340101059,11053.14,2581.78
20190515,340101061,13700.9,4473.55
20190515,340101062,14600.38,4754.61
20190515,340101064,35999.99,10500.14
20190515,340101065,22268.19,4216.24
20190515,340101066,6346.74,1393.69
20190515,340101067,14404.07,6142.23
20190515,340121001,21005.48,6831.31
20190515,340121003,7195.55,3050.98
20190515,340121004,18116.56,6443.11
20190515,340121005,36872.62,9892.7
20190515,340121007,31614.26,8527.77
20190515,340121008,23033.6,6730.9
20190515,340121009,24857.84,12112.08
20190515,340121010,16921.81,6786.98
20190515,340121011,29115.48,13339.01
20190515,340121017,17320.97,5674.2
20190515,340121018,22854.95,7971.46
20190515,340121020,5885.33,1951.55
20190515,340122001,38937.69,13312.86
20190515,340122002,34236.57,9229.43
20190515,340122003,14440.97,2823.71
20190515,340122004,8194.3,3244.08
20190515,340122005,3468.21,1191.1
20190515,340122006,33167.57,8988.22
20190515,340122007,21173.58,3624.6
20190515,340122008,24864.52,7453.07
20190515,340122009,24186.84,9561.57
20190515,340122011,32206.4,4737.54
20190515,340122012,15784.18,3231.87
20190515,340122013,20117.33,6067.53
20190515,340122014,19633.24,5182.27
20190515,340122015,14267.82,4102.48
20190515,340122016,23581.21,4531.83
20190515,340122017,15981.33,5865.42
20190515,340122018,12747.8,5301.2
20190515,340122019,22663.37,3194.09
20190515,340122020,26935.69,8657.06
20190515,340122021,25271.58,7233.72
20190515,340123001,32762.75,8396.8
20190515,340123005,48536.71,9615.65
20190515,340123006,34993.05,8147
20190515,340123007,52280.2,9611.95
20190515,340123008,42905.29,9623.2
20190515,340123010,26643.03,6899.24
20190515,340123011,54814.97,14740.8
20190515,340123013,43209.95,9448.1
20190515,340123014,24136.93,4863.74
20190515,340123015,34271.36,7686.14
20190515,340123016,36470.24,6819.52
20190515,340123018,34973.89,9875.51
20190515,340123019,33522.63,7250.74
20190515,340124001,19604.22,4856.56
20190515,340124002,44158.19,12026.71
20190515,340124003,24014.77,4473.75
20190515,340124004,35723.71,4490.31
20190515,340124005,32695.7,5342.8
20190515,340124006,23825.22,4953.16
20190515,340124008,32069.29,3161.97
20190515,340124009,43119.6,5744.06
20190515,340124010,11577.94,2312.38
20190515,340124011,31061.7,5801.7
20190515,340124012,23944.52,3297.43
20190515,340124013,18864.75,3251.53
20190515,340124014,33050.08,7931.95
20190515,340124015,27957.96,5081.29
20190515,340124016,27585.93,5186.59
20190515,340124017,19065.69,3777.68
20190515,340124018,29782.29,6114.12
20190515,340124019,17744.51,2066.75
20190515,340124020,5203.39,869.45
20190515,340124021,16809.64,3307.53
20190515,340124022,26623.05,3628.34
20190515,340124023,8865.35,1768.51
20190515,340124024,24822.42,2152.98
20190515,340124025,16379.47,5169.36
20190515,340181003,13233.1,2347.17
20190515,340181004,25271.71,8363.54
20190515,340181005,17394.69,2853.84
20190515,340181006,22210.48,3602.91
20190515,340181007,22106.33,3701.99
20190515,340181008,8504.02,1797.48
20190515,340181009,12568.32,2256.78
20190515,340181010,39044.87,8485.58
20190515,340181011,23705.44,6715.18
20190515,340181012,17345.79,5220.48
20190515,340181013,12767.94,2768.52
20190515,340181016,20982.78,2219.76
20190515,340181017,24479.54,3934.33
20190515,340181018,28670.41,4137.6
20190515,340181020,36331.93,5905.59
20190515,340181021,25577.39,3424.02
20190515,340181022,21664.26,3689.13
20190515,340181023,21429.61,5133.88
20190515,340181024,13639.05,2679.47
20190515,340181025,17725.27,2167.25
20190515,340181026,15603.82,4197.99
20190515,340201002,8628.01,2243.22
20190515,340201005,12232.32,2674.93
20190515,340201006,12176.04,2602.86
20190515,340201010,9956.43,2221.64
20190515,340201011,9221.99,1966.58
20190515,340201013,11666.92,2204.84
20190515,340201015,11491.84,2906.03
20190515,340201016,18524.98,4048.66
20190515,340201017,15115.38,4161.09
20190515,340201018,15096.18,2742.6
20190515,340201019,11077.11,1995.91
20190515,340201020,17712.24,4290.76
20190515,340201021,19895.01,5115.19
20190515,340201022,9529.61,1858.49
20190515,340201023,12619.31,2560.29
20190515,340201024,10874.08,2457.7
20190515,340201026,18043.42,5328.58
20190515,340201027,11892.82,3074.46
20190515,340201028,16343.17,3191.95
20190515,340201032,10747.36,3454.09
20190515,340201034,9816.7,2506.03
20190515,340201037,31662.6,4728.82
20190515,340201038,10985.4,2346.04
20190515,340201039,30829.73,9479.81
20190515,340201040,34327.95,6226.68
20190515,340201041,22901.15,4584.56
20190515,340201042,28450.55,6587.98
20190515,340201043,36775.56,7108.18
20190515,340201044,18692.82,4163.6
20190515,340201045,38543.8,8149.89
20190515,340201047,20923.98,6257.52
20190515,340201049,13330.53,3795.84
20190515,340201052,28875.09,6117.14
20190515,340201053,17967.72,3960.7
20190515,340201054,49518.18,10510.35
20190515,340201055,23024.28,4231.52
20190515,340221002,18172.49,5217.77
20190515,340221003,18528.89,4693.01
20190515,340221004,19101.97,5268.15
20190515,340221007,18027.01,4284.42
20190515,340221010,27237.79,8579.96
20190515,340221012,29648.66,4752.78
20190515,340221013,31526.06,8056.23
20190515,340222002,15049.94,3607.33
20190515,340222003,37396.71,7530.25
20190515,340222005,13210.25,2448.61
20190515,340222007,21580.16,4863.43
20190515,340222009,10030,1823.4
20190515,340222010,25819.41,4813.83
20190515,340222011,32292.14,5683.81
20190515,340222012,14567.08,2367.71
20190515,340222016,10784.86,2546.31
20190515,340222017,15396.51,3118.98
20190515,340222022,18334.28,4052.04
20190515,340223002,42910.29,8143.37
20190515,340223003,34031.28,6171.82
20190515,340223004,29747.08,6663.11
20190515,340223005,40626.44,9786.63
20190515,340223006,47674.54,8180.97
20190515,340223008,28393.48,4993.43
20190515,340223009,29246.48,5333.28
20190515,340223010,18101.84,3548.92
20190515,340223011,17306.05,4100.11
20190515,340223012,23458.22,4709.36
20190515,340223013,16770.55,3331.92
20190515,340223014,19590.84,3587.2
20190515,340223017,11022.99,1696.26
20190515,340223018,11759.37,1599.1
20190515,340225001,28030.87,9861.9
20190515,340225002,29797.9,5864.98
20190515,340225004,48142.61,5772.23
20190515,340225006,23003,3410.49
20190515,340225007,67213.95,15067.93
20190515,340225008,37736.41,4483.79
20190515,340225009,29800.12,5940.16
20190515,340225010,21295.19,4097.28
20190515,340225011,21830.89,3523.23
20190515,340225012,29520.21,6455.88
20190515,340225013,24151.43,4875.08
20190515,340225014,38232.59,8810.27
20190515,340225015,41396.15,6991.57
20190515,340225016,27521.45,4346.92
20190515,340225017,45018.71,12879.22
20190515,340225018,24608.09,6449.12
20190515,340225019,18840.78,3952.76
20190515,340225020,10700.65,1531.85
20190515,340225021,16117.34,2152.57
20190515,340225022,9682.8,2011.34
20190515,340301002,7155.77,2596.69
20190515,340301003,5865.17,1678.82
20190515,340301004,12280.95,4048.91
20190515,340301007,7597.76,2458.82
20190515,340301008,7527.02,1844.84
20190515,340301009,7150.59,1757.69
20190515,340301010,12683.22,4100.5
20190515,340301011,11461.88,2692.77
20190515,340301013,10009.02,2628.15
20190515,340301014,9292.49,2017.99
20190515,340301015,4083.29,1186.88
20190515,340301016,15229.94,2309.12
20190515,340301017,9499.66,2563.87
20190515,340301018,6365.96,1964.14
20190515,340301019,2286.16,757.84
20190515,340301020,9845.45,2439.09
20190515,340301021,7487.43,1834.28
20190515,340301022,12522.27,4260.09
20190515,340301024,9257.06,3250.27
20190515,340301025,24585.26,8648.89
20190515,340301026,21001.79,4909.99
20190515,340321002,8845.68,3781.56
20190515,340321003,15325.98,9785.2
20190515,340321004,11685.96,6729.68
20190515,340321005,12423.71,5628.05
20190515,340321006,11686.39,5555.52
20190515,340321007,14187.17,6252.15
20190515,340321008,8890.98,4412.14
20190515,340321009,13159.69,7041.52
20190515,340321010,17718.19,9751.87
20190515,340321011,24563.62,13563.62
20190515,340321012,12776.62,6329.15
20190515,340321013,9553.78,3156.24
20190515,340321014,10206.07,6496.45
20190515,340321015,12318.79,6810.95
20190515,340321016,10043.15,5445.06
20190515,340321018,12623.07,9919.18
20190515,340321019,14735.69,9133.65
20190515,340321020,10775.02,5654.53
20190515,340321021,13008.96,5995.22
20190515,340321023,10601.58,5406
20190515,340321024,10185.53,5425.45
20190515,340321025,18490.2,9520.03
20190515,340322001,16320.21,5823.07
20190515,340322002,33033.89,11969.62
20190515,340322003,12103.19,4712.56
20190515,340322004,24006.19,10292.51
20190515,340322005,20436.46,7033.02
20190515,340322006,26605.83,8671.93
20190515,340322007,19064.99,6439.52
20190515,340322008,29598.52,11835.53
20190515,340322010,29192.85,10067.5
20190515,340322011,26873.59,10607.1
20190515,340322012,19528.43,7284.29
20190515,340322013,18771.78,6686.65
20190515,340322015,13128.34,4380.02
20190515,340322016,20492.99,6866.8
20190515,340322017,15649.77,6625.73
20190515,340322021,10960.54,3487.54
20190515,340323001,11348.56,4474.76
20190515,340323002,10560.32,4016.55
20190515,340323003,19238.06,6589.15
20190515,340323006,19545.43,7191.6
20190515,340323007,23188.96,6327.47
20190515,340323008,18084.86,6956.42
20190515,340323009,16466.1,5709.05
20190515,340323010,16196.66,6831.3
20190515,340323011,13729.69,6322.89
20190515,340323012,14993.42,5736.2
20190515,340323013,5968.56,1716.05
20190515,340323014,7254.48,2798.27
20190515,340323015,5160.23,2340.06
20190515,340323016,14475.18,5168.03
20190515,340323017,19308.61,7477.26
20190515,340323018,12631.7,3952.29
20190515,340323019,14095.16,6514.92
20190515,340323020,10802.5,4205.86
20190515,340323021,9140.55,3618.44
20190515,340323022,11576.12,4846.77
20190515,340323023,10653.16,3625.68
20190515,340323024,12819.94,4568.65
20190515,340401002,10010.31,2562.41
20190515,340401004,12931.89,2626.37
20190515,340401005,11949.53,2028.68
20190515,340401006,11424.71,2198.3
20190515,340401007,8505.47,1909.21
20190515,340401009,22515.33,3236.12
20190515,340401010,10488.59,2332.3
20190515,340401011,17189.74,4102.78
20190515,340401012,12542.37,2145.21
20190515,340401013,13160.18,3527.42
20190515,340401014,24126.96,3539.82
20190515,340401015,13416.2,2349.61
20190515,340401016,14418.74,3398.31
20190515,340401017,14864.27,3235.98
20190515,340401018,14734.4,2833.16
20190515,340401019,15675.97,1616.37
20190515,340401020,23411.59,3918.14
20190515,340401021,16464.84,3347.93
20190515,340401022,20427.16,4164.32
20190515,340401026,24887.38,4675.51
20190515,340401028,15419.58,1882.32
20190515,340401029,20297.2,4410.81
20190515,340401031,17024.97,3626.28
20190515,340401032,20501.28,3010.32
20190515,340401033,19923.34,3942.88
20190515,340401035,13618.32,1613.62
20190515,340401036,16988.22,3896.89
20190515,340401038,11982.6,1192.52
20190515,340401040,26009.08,5534.36
20190515,340401041,14870.55,7553.74
20190515,340401042,33368.61,9266.6
20190515,340401043,26334.14,4596.51
20190515,340401047,35961.48,10643.63
20190515,340401048,18983.75,4034.61
20190515,340401049,17918.94,4553.93
20190515,340401051,21042.5,6586.81
20190515,340401052,15190.61,2218.57
20190515,340401053,13775.55,2332.18
20190515,340421002,20231.99,5699.21
20190515,340421003,30174.32,7816.01
20190515,340421004,51371.68,13689.64
20190515,340421005,32102.56,9729.04
20190515,340421006,26829.55,7712.05
20190515,340421007,24808.44,9009.07
20190515,340421008,43589.69,11934.9
20190515,340421009,27367.35,8261.49
20190515,340421010,34397.28,8702.4
20190515,340421012,25221.14,6241.48
20190515,340421013,29858.51,8333.69
20190515,340421014,24458.59,8304.94
20190515,340421015,31829.69,8741.35
20190515,340421016,27002.99,6482.4
20190515,340421017,34603.04,8026.76
20190515,340421019,23991.9,6130.84
20190515,340422101,32996.06,9366.01
20190515,340422102,17836.22,5986.61
20190515,340422103,19143.9,4217.54
20190515,340422105,20001.85,4362.08
20190515,340422106,31833.63,5700.19
20190515,340422107,14220.09,4560.69
20190515,340422108,20524.98,6670.91
20190515,340422109,18136.03,2629.72
20190515,340422110,17839.1,4567.48
20190515,340422111,21973.69,6737.92
20190515,340422112,25342.73,6117.01
20190515,340422113,7735.24,2352.83
20190515,340422114,22930.66,6384.51
20190515,340422115,10057.32,3206.99
20190515,340422117,28590.98,7986.29
20190515,340422118,39019.07,6784.24
20190515,340422119,18189.14,3547.5
20190515,340422120,21813.05,4625.8
20190515,340422121,39482.04,6138.29
20190515,340422122,27521.59,5756.51
20190515,340422123,12676.45,2395.82
20190515,340422125,18571.49,3738.23
20190515,340422126,28641.71,4812.82
20190515,340422127,14007.66,2499.91
20190515,340422128,35811.91,6991.86
20190515,340422129,13902.65,3586.72
20190515,340501001,6149.61,1246.01
20190515,340501003,14663.42,2562.12
20190515,340501004,10694.84,1375.2
20190515,340501006,5114.36,1123.64
20190515,340501007,8856.47,1668.84
20190515,340501008,6456.46,2071.39
20190515,340501009,19774.39,2909.81
20190515,340501010,9648.17,2408.12
20190515,340501012,8270.35,2015.85
20190515,340501013,7288.44,1113
20190515,340501014,19466.34,2384.44
20190515,340501015,8721.22,1378.54
20190515,340501016,4668.16,748.73
20190515,340501017,11099.16,1681.24
20190515,340501019,19014.2,4236.11
20190515,340501020,12725.28,1863.03
20190515,340501021,14821.36,2105.41
20190515,340501023,13248.44,1397.44
20190515,340501025,11260.18,2152.3
20190515,340501029,14507.52,2103.28
20190515,340501030,18830.63,3506.12
20190515,340521001,37081.49,6642.98
20190515,340521003,15099.59,2367.71
20190515,340521004,21675.75,4738
20190515,340521006,28758.53,3475.63
20190515,340521010,23238.25,5548.62
20190515,340521011,11735.16,2706.21
20190515,340521012,24163.26,7968.61
20190515,340521013,20924.73,3233.54
20190515,340521014,20913.56,3983.07
20190515,340521017,12692.71,3344.82
20190515,340521019,14628.74,3566.72
20190515,340521020,22431.28,4207.78
20190515,340521021,29038.7,5714.65
20190515,340521022,31616.2,5376.28
20190515,340521023,22420.83,5929.72
20190515,340521024,18110.91,5886.11
20190515,340521025,9824.87,3908.23
20190515,340522001,15718.62,3212.6
20190515,340522003,24478.55,4711.15
20190515,340522004,10805.58,1819.21
20190515,340522006,27126.87,6134.21
20190515,340522007,13490.22,3534.66
20190515,340522008,18795.12,5648.55
20190515,340522009,15444.54,3757.33
20190515,340522010,6929.06,1473.87
20190515,340522011,11140.37,2037.17
20190515,340522013,30510.87,4805.48
20190515,340522015,6549.37,1525.45
20190515,340523001,34993.98,7107.9
20190515,340523002,18843.85,4041.57
20190515,340523004,14687.33,2369.61
20190515,340523005,31674.01,4949.85
20190515,340523006,15876.38,2107.49
20190515,340523007,17403.45,5612.18
20190515,340523008,30412.17,5457.07
20190515,340523009,23331.13,6697.03
20190515,340523010,21413.4,4649.5
20190515,340523012,41865.24,6144.31
20190515,340523013,21936.21,3140.4
20190515,340601002,9894.5,2760.76
20190515,340601003,12176.68,2298.13
20190515,340601006,12064.11,3997.22
20190515,340601007,14544.02,4538.95
20190515,340601008,13979.21,4444.95
20190515,340601009,16398.36,5118.31
20190515,340601010,8993.47,2083.29
20190515,340601011,20716.06,4247.55
20190515,340601013,26015.1,4635.3
20190515,340601016,9187.97,2024.65
20190515,340601017,13178.2,3292.01
20190515,340601018,13008.72,1908.47
20190515,340601019,12699.82,2024.65
20190515,340601020,11624,1910.51
20190515,340601021,21511.32,5490.87
20190515,340601023,14556.99,2480.34
20190515,340601024,12011.86,2842.13
20190515,340601026,33096.81,6053.76
20190515,340601027,15690.48,3721.48
20190515,340601028,12086.89,3150.49
20190515,340601030,21694.41,5569.53
20190515,340601031,26463.02,5665.53
20190515,340601032,27844.95,5357.54
20190515,340601033,31863.35,6059.99
20190515,340601036,43763.73,8272.67
20190515,340621002,19601.33,4512.31
20190515,340621003,18076.44,5243.63
20190515,340621005,31968.15,6264.72
20190515,340621006,32489.72,10002.23
20190515,340621007,50645.5,9454.24
20190515,340621010,10925.9,2062.74
20190515,340621012,36167.92,7775.43
20190515,340621013,40635.83,8506.49
20190515,340621014,29780.86,7496.21
20190515,340621015,31632.18,7410.62
20190515,340621016,50832.19,11512.5
20190515,340621017,13391.5,3940.14
20190515,340621018,43962.54,12737.19
20190515,340621019,49823.17,15849.55
20190515,340621020,22679.03,5831.03
20190515,340621021,31360.41,7556.88
20190515,340621023,42320.1,9967.07
20190515,340621031,28072.66,6106.95
20190515,340621034,19013.77,5278.32
20190515,340701004,4787,1335.87
20190515,340701005,11508.71,2683.32
20190515,340701007,23355.51,4582.61
20190515,340701008,13400.61,2557.27
20190515,340701009,12045.17,2692.5
20190515,340701010,12595.68,2913.87
20190515,340701011,9330.76,2896.14
20190515,340701012,8591.44,1833.21
20190515,340701013,14299.96,2258.94
20190515,340701014,6041.15,1462.96
20190515,340701015,36892.84,5535.96
20190515,340701017,15097.58,2541.74
20190515,340701018,19662.11,3253.46
20190515,340701019,5821.81,1998.32
20190515,340701020,11132.05,2431.11
20190515,340701021,24755.3,3464.2
20190515,340701022,7490.91,1971.76
20190515,340701023,6745.13,1055.67
20190515,340701025,17696.15,3971.11
20190515,340701028,13737.88,2273.92
20190515,340701035,16467.4,2876.01
20190515,340701036,25392.22,2934.27
20190515,340701037,10224.18,1425.33
20190515,340701038,25306.85,3538.91
20190515,340701039,16774.85,2067.34
20190515,340701040,14887.59,1777.05
20190515,340701041,26399.4,3295.44
20190515,340701042,27362.82,3602.01
20190515,340701043,9335.04,1632.71
20190515,340701044,13653.47,1888.38
20190515,340701045,11098.93,1904.3
20190515,340701046,15958.97,1852.78
20190515,340701047,20666.36,3286.66
20190515,340701048,6719.39,1054.56
20190515,340722102,17155.96,1599.62
20190515,340722103,32425.74,5029.49
20190515,340722104,20008.86,1848.04
20190515,340722105,29073.54,3690.24
20190515,340722106,38909.95,3918.66
20190515,340722107,66598.09,7421.39
20190515,340722108,40657.61,4250.97
20190515,340722109,51723.47,4035.13
20190515,340722110,44284.39,3520.85
20190515,340722111,39348.59,3202.2
20190515,340722112,92786.96,10289.24
20190515,340722113,40946.95,4815.48
20190515,340722114,51198.87,5413.97
20190515,340722115,22819.67,2516.31
20190515,340722116,15758.28,1063.75
20190515,340722118,15860.62,1869.53
20190515,340722119,52522.58,5107.08
20190515,340722121,19280.65,2631.62
20190515,340722122,36824.04,3453.96
20190515,340722123,26162.09,2630.51
20190515,340722124,33299.86,3183.41
20190515,340722125,31452.1,2671.35
20190515,340722126,30509.66,6922.21
20190515,340801003,29160.17,4061.93
20190515,340801004,26863.26,3627.41
20190515,340801005,19302.04,1742.16
20190515,340801006,35587.59,10873.46
20190515,340801007,13765.58,3306.6
20190515,340801012,24610.56,2071.38
20190515,340801013,16959.84,1930.26
20190515,340801015,21480.07,2982.01
20190515,340801016,12181.72,1731.44
20190515,340801017,24926.98,1942.98
20190515,340801018,34356.99,3898.31
20190515,340801019,30193.87,4431.45
20190515,340801020,35569.86,4105.34
20190515,340801021,21798.32,4392.07
20190515,340801022,32666.36,7181.28
20190515,340801023,30490.11,5518.32
20190515,340801024,20429.95,3578.77
20190515,340801025,23469.56,6702.87
20190515,340801032,40238.08,5919.91
20190515,340801033,59245.1,7928.07
20190515,340801034,31066.01,11036.95
20190515,340822002,20144.42,2983.33
20190515,340822003,31521.3,3340.29
20190515,340822004,49240.32,10851.18
20190515,340822005,21160.16,4615.29
20190515,340822006,82107.46,8750.94
20190515,340822007,26115.28,4254.91
20190515,340822008,30111.8,6501.28
20190515,340822009,57024.78,8637.33
20190515,340822010,24438.67,4505.61
20190515,340822013,33000.06,4546.64
20190515,340822014,31208.67,4146.95
20190515,340822015,32683.18,4272.59
20190515,340822016,37961.88,6818.85
20190515,340822018,26810.94,3034.05
20190515,340822019,27988.16,4762.83
20190515,340822020,20166.63,1830.8
20190515,340822022,30277.58,3164.46
20190515,340822023,29908.51,4700.82
20190515,340822025,52597.17,8196.14
20190515,340822026,67475.12,8778.56
20190515,340822028,26281.27,3374.15
20190515,340822031,9776.05,1270.96
20190515,340824002,35129.44,5066.5
20190515,340824003,23922.42,2137.97
20190515,340824004,29769.02,4268.42
20190515,340824005,42389.41,5622.55
20190515,340824006,42190.1,9871.44
20190515,340824007,9197.45,1327.48
20190515,340824008,20175.39,3853.22
20190515,340824010,18754.72,2779.62
20190515,340824011,36149.97,4319.37
20190515,340824013,34165.82,5862.94
20190515,340824014,21415.11,4527.26
20190515,340824015,22927.67,3780.37
20190515,340824016,26468.89,3590.9
20190515,340824017,18100.24,2850.84
20190515,340824018,20599.71,3466.1
20190515,340824019,29693.8,3873.45
20190515,340824020,21352.89,4248.04
20190515,340824021,20362.3,4991.61
20190515,340825001,25563.7,4545.59
20190515,340825002,27781.47,5607.58
20190515,340825003,14574.09,2319.02
20190515,340825004,33320.52,11443
20190515,340825005,14954.69,4220.42
20190515,340825006,17064.06,4609.42
20190515,340825007,17254.67,3239.91
20190515,340825008,13207.75,4102.65
20190515,340825009,22883.9,5353.21
20190515,340825010,14121.97,3906.04
20190515,340825012,38193.99,7167.28
20190515,340825013,11207.22,3310.74
20190515,340825014,41141.27,7860.58
20190515,340825016,32612.03,8692.18
20190515,340825017,26189.38,5940.12
20190515,340826002,41433.94,9024.99
20190515,340826003,33532.01,5226.27
20190515,340826004,34924.09,6043.15
20190515,340826005,18136.58,3242.02
20190515,340826006,45626.97,10125.19
20190515,340826007,44986.66,10853.55
20190515,340826008,36636.09,9831.96
20190515,340826009,20013.17,5747.63
20190515,340826010,35069.32,8584.4
20190515,340826011,27946.44,6019.68
20190515,340826012,25022.04,5922.9
20190515,340826013,28334.77,7055.47
20190515,340826014,33029.77,6579.99
20190515,340826017,46363.89,9268.04
20190515,340826018,27003.46,7214.27
20190515,340826019,47026.6,9566.54
20190515,340826020,39566.53,10108.82
20190515,340826021,25054.64,4452.95
20190515,340826022,24715.93,4872.49
20190515,340827001,14965.48,2946.39
20190515,340827002,24284.75,4649.11
20190515,340827003,78625.04,11001.99
20190515,340827004,80366.17,11967.39
20190515,340827006,22593.81,4922.15
20190515,340827007,39835.16,4918.79
20190515,340827008,40277.25,7543.76
20190515,340827009,35866.89,6576.59
20190515,340827010,11592.82,1578.7
20190515,340827011,23689.14,4640.94
20190515,340827013,28854.52,4378.03
20190515,340827014,19750.28,3930.83
20190515,340827015,25192.49,5519.73
20190515,340827016,17340.07,4748.08
20190515,340827017,16010.98,2594.84
20190515,340827019,45303.92,5385.64
20190515,340827020,31680.29,5218.98
20190515,340827021,31172.62,4035.69
20190515,340827022,28094.21,6190.41
20190515,340827023,27946.63,4406.86
20190515,340828001,14657.1,4029.48
20190515,340828003,28901.93,5804.6
20190515,340828004,25035.05,8909
20190515,340828005,16970.13,5447.15
20190515,340828006,18677.29,4999.13
20190515,340828007,11473.27,2708.6
20190515,340828008,28761.06,4884.89
20190515,340828009,29436.01,5790.87
20190515,340828010,8674.41,2299.85
20190515,340828011,13915.93,4041.37
20190515,340881001,33756.82,4955.38
20190515,340881002,23136.07,3522.78
20190515,340881003,36307.7,5443.99
20190515,340881004,23851.02,2298.87
20190515,340881005,23504.58,2981.45
20190515,340881007,29394.71,2955.67
20190515,340881008,26672.76,2590.41
20190515,340881009,23812.42,3490.97
20190515,340881010,40171.14,5254.09
20190515,340881012,47012.01,6160.65
20190515,340881013,41803.58,4563.41
20190515,340881014,56462.79,7602.89
20190515,340881015,48244.17,6492.96
20190515,340881016,30100.01,4153.06
20190515,340881017,30251.49,3825.61
20190515,340881018,28268.69,4573.31
20190515,340881019,27142.98,2329.45
20190515,340881020,18999.13,2492.29
20190515,340881022,42302.86,4575.74
20190515,341001003,12528.06,3792.08
20190515,341001004,9320.83,2134.7
20190515,341001005,9866.57,2272.49
20190515,341001006,18368.77,2709.64
20190515,341001007,11538.92,2480.7
20190515,341001015,9115.32,1361.52
20190515,341003004,10368.49,1612.78
20190515,341003006,7603.32,1111.13
20190515,341003007,9751.01,1326.96
20190515,341003008,12849.11,2320.88
20190515,341003011,6446.62,832.96
20190515,341003012,6391.36,831.85
20190515,341003013,4243.79,804.04
20190515,341003014,3778.6,647.98
20190515,341003015,12583.65,1514.29
20190515,341003016,8632.37,1149.23
20190515,341003017,12486.12,2229.73
20190515,341003018,16201.82,2333.49
20190515,341003019,9618.91,1463.28
20190515,341003020,4238.25,469.89
20190515,341003022,5530.5,1442.04
20190515,341003023,3316.22,435.81
20190515,341021001,14256.63,1598.33
20190515,341021003,22486.03,3527.52
20190515,341021004,12097.49,1707.64
20190515,341021005,11084.72,1525.26
20190515,341021007,11894.42,1966.57
20190515,341021008,9343.85,1554.11
20190515,341021009,12367.91,1295
20190515,341021010,7819.7,829.09
20190515,341021011,21384.18,3434.66
20190515,341021012,22860.38,2882.63
20190515,341021013,6050.87,785.49
20190515,341021014,10220.25,1156.64
20190515,341021015,10404.1,1472.03
20190515,341021016,4879.22,754.18
20190515,341021017,16795.75,2243.36
20190515,341021018,16698.43,2630.64
20190515,341021019,19141.74,1985.43
20190515,341021022,15347.75,1872.55
20190515,341021024,3689.3,613.89
20190515,341021025,18411.29,2795.38
20190515,341021026,7517.03,791.66
20190515,341022003,8090.82,1138.79
20190515,341022004,10198.59,1356.81
20190515,341022005,14719.24,1101.72
20190515,341022006,14744.23,1622.31
20190515,341022008,6628.03,946.33
20190515,341022009,8800.68,934.7
20190515,341022010,11077.52,921.02
20190515,341022011,7351.77,1103.51
20190515,341022012,16899.58,2013.6
20190515,341022013,10496.75,1163.3
20190515,341022014,11528.39,1825.81
20190515,341023001,8302.8,1688.08
20190515,341023003,6172.9,1394.14
20190515,341023004,9960.29,1556.07
20190515,341023005,2751.23,383.39
20190515,341023006,3990.99,552.85
20190515,341023007,5344.36,1148.87
20190515,341024003,11331.98,864.41
20190515,341024004,11820.89,1199.97
20190515,341024005,14249.22,1758.45
20190515,341024006,19611.24,1976.2
20190515,341024007,18276.06,1676.68
20190515,341024008,11204.67,1614.6
20190515,341024009,16454.47,2038.09
20190515,341024010,9186.78,544.5
20190515,341101003,17964.63,3400.42
20190515,341101004,12936.82,2544.99
20190515,341101005,45403.35,8228.52
20190515,341101006,18821.42,2893.19
20190515,341101008,21727.59,3274.08
20190515,341101010,20930,4823.44
20190515,341101011,12713.21,2957.85
20190515,341101012,17892.18,3186.32
20190515,341101013,20299.95,3706.33
20190515,341101014,19158.47,4017.21
20190515,341101018,17232.16,2900.71
20190515,341101019,21749.16,4600.35
20190515,341122002,17725.29,3785.37
20190515,341122003,22225.1,4255.29
20190515,341122004,21072.22,4876.1
20190515,341122005,22491.74,10046.66
20190515,341122006,17911.35,2902.92
20190515,341122007,24896.49,3607.72
20190515,341122008,26959.83,6749.93
20190515,341122009,33417.96,4147.73
20190515,341122011,27511.11,3034.61
20190515,341124002,9558.3,2220.38
20190515,341124003,26961.78,6999.01
20190515,341124004,23214.1,3891.04
20190515,341124005,18493.44,2932.23
20190515,341124007,9167.14,2214.14
20190515,341124008,14664.7,3450.58
20190515,341124009,13713.03,3278.33
20190515,341124010,9945.41,2327.82
20190515,341124011,15019.98,2454.31
20190515,341124012,12714.2,4357.87
20190515,341124013,26113.08,4476.59
20190515,341125002,28710.34,11168.6
20190515,341125003,20643.19,6445.89
20190515,341125004,24030.77,5883.01
20190515,341125005,19937.76,5804.46
20190515,341125006,31175.94,6404.1
20190515,341125008,16253.81,4510.52
20190515,341125009,29155.52,7437.93
20190515,341125010,12435.52,3576.91
20190515,341125011,11844.1,3198.84
20190515,341125012,18890.58,7120.97
20190515,341125013,9921.07,3281.02
20190515,341126002,40363.97,16815.12
20190515,341126003,14526.65,11626.69
20190515,341126005,26285.78,8109.73
20190515,341126006,24002.62,11882.58
20190515,341126007,19005.25,5602.82
20190515,341126008,25820.74,9241.63
20190515,341126009,25681.81,10259.05
20190515,341126010,22401.14,7338.89
20190515,341126012,13502.05,3752.74
20190515,341181001,28683.69,4767.65
20190515,341181002,53018.33,10618.42
20190515,341181003,20729.21,5546.78
20190515,341181004,28141.67,6246.75
20190515,341181005,22848.62,4144.55
20190515,341181006,25907.49,5014.01
20190515,341181008,17073.06,3115
20190515,341181009,37755.62,12321.52
20190515,341181010,32577.42,4929
20190515,341181012,15341.74,3508.05
20190515,341181013,33060.76,5255.63
20190515,341181014,25380.53,3760
20190515,341182002,7827.86,1624.17
20190515,341182003,17380.87,5205.38
20190515,341182004,14705.49,2574.54
20190515,341182005,13467.66,3763.86
20190515,341182006,18434.75,4654.93
20190515,341182007,14432.82,5062.75
20190515,341182008,7706.91,2648.38
20190515,341182009,16793.09,5071.49
20190515,341182010,28280.85,6440.66
20190515,341182011,6127.78,835.94
20190515,341182013,19967.49,5387.32
20190515,341182014,18372.35,5301.57
20190515,341182015,20503.76,7034.1
20190515,341182016,10397.31,3312.24
20190515,341201001,21952.45,7105.8
20190515,341201002,12335.33,3459.39
20190515,341201003,11355.72,4517.46
20190515,341201004,20984.5,5777.29
20190515,341201005,30524.25,5499.89
20190515,341201007,13920.71,3336.52
20190515,341201008,18846.88,4902.6
20190515,341201009,24229.83,5914.96
20190515,341201011,14379.08,4854.45
20190515,341201012,29396.69,9411.14
20190515,341201013,23916.67,5927.83
20190515,341201014,11037.98,3556.92
20190515,341201015,20363.26,5686.36
20190515,341201016,18299.44,4121.5
20190515,341201017,20989.54,5945.47
20190515,341201018,21128.46,4917.87
20190515,341201019,21060.14,8347.46
20190515,341201020,32555.35,6923.2
20190515,341201021,20787.89,4692.65
20190515,341201023,34385.95,7041.05
20190515,341201025,34356.05,8614.6
20190515,341201026,25734.91,5237.51
20190515,341201027,31896.89,6209.75
20190515,341201028,34440.91,6692.7
20190515,341201030,43924.77,8539.96
20190515,341201031,19985.52,4183.13
20190515,341201032,18867.11,3898.18
20190515,341201033,31421.23,6207.39
20190515,341201034,28445.58,5747.07
20190515,341201035,13205.31,5653.75
20190515,341201037,17213.88,7908.39
20190515,341201038,21059.8,8515.37
20190515,341201042,34033.5,7826.92
20190515,341221001,48920.91,13644.68
20190515,341221002,38806.8,13131.7
20190515,341221003,38484.6,11431.61
20190515,341221004,45415.36,13067.29
20190515,341221005,39375.93,10697.32
20190515,341221006,40861.11,11715.93
20190515,341221007,46856.96,13045.01
20190515,341221008,38442.2,10727.74
20190515,341221009,34145.33,12265.57
20190515,341221010,52343.43,12907.16
20190515,341221011,34977.66,8872.1
20190515,341221012,71671.69,21853.78
20190515,341221013,49374.57,15310.46
20190515,341221015,30901.53,8231.48
20190515,341221016,34659.41,9621.76
20190515,341221017,36292.17,12543.75
20190515,341221018,37051.64,8958.86
20190515,341221019,55025.9,16220.88
20190515,341221020,34158.6,7567.81
20190515,341221021,40585.31,10254.77
20190515,341221022,31929.45,10732.96
20190515,341221023,37274.99,9882.43
20190515,341221024,22379.05,6265.72
20190515,341221025,20984.04,7075.75
20190515,341221026,39498.02,10342.64
20190515,341221027,41560.35,11582.69
20190515,341221028,30743.71,9018.68
20190515,341222001,25887.6,9893.53
20190515,341222002,18884.11,5941.7
20190515,341222003,36284.22,10414.1
20190515,341222004,10774.41,4110.95
20190515,341222005,24806.14,7561.8
20190515,341222006,15350.41,4869.41
20190515,341222007,36153.79,9016.27
20190515,341222009,31296.89,9868.3
20190515,341222010,57981.93,8061.56
20190515,341222011,68696.91,10471.48
20190515,341222012,47794.03,7871.29
20190515,341222013,51121.46,9557.77
20190515,341222014,74082.36,14459.46
20190515,341222015,46996.5,10368.01
20190515,341222016,53754.92,11429.47
20190515,341222017,42059.76,9627.11
20190515,341222018,48407.12,16671.71
20190515,341222019,71786.96,14187.76
20190515,341222020,34880.57,7710.91
20190515,341222021,44520.32,7745.56
20190515,341222022,43782.18,5824.33
20190515,341222023,32845.81,10156.24
20190515,341222024,48231.48,8713.23
20190515,341222025,51597.44,11127.67
20190515,341222026,43681.8,12104.8
20190515,341222027,38369.71,8428.68
20190515,341222028,28492.31,10160.42
20190515,341222029,34734.47,8145.88
20190515,341222030,38404.95,6665.4
20190515,341222031,32085.95,5750.33
20190515,341222035,26135.07,6993.31
20190515,341225001,19579.52,5886.77
20190515,341225002,21408.13,6603.69
20190515,341225003,21170.67,5594.72
20190515,341225004,30153.43,8190.63
20190515,341225005,13543.54,4061.05
20190515,341225006,48436.36,14379.28
20190515,341225008,30157.24,8549.83
20190515,341225009,33140.2,8964.23
20190515,341225011,30229.54,7250.85
20190515,341225012,26495.68,9266.14
20190515,341225013,50233.64,15190.75
20190515,341225014,34155.7,11048.07
20190515,341225015,48497.1,13296.48
20190515,341225016,32129.6,8181.86
20190515,341225017,33591.94,10041.46
20190515,341225018,59001.87,12606.43
20190515,341225019,27450.74,5675.52
20190515,341225020,29165.69,6382.93
20190515,341225021,36593.55,9453.5
20190515,341225023,20072.13,7212.63
20190515,341225027,20127.85,5259.64
20190515,341226001,26252.79,9327.53
20190515,341226002,41704.58,12619.56
20190515,341226004,27854.72,10607.47
20190515,341226005,36757.47,8875.04
20190515,341226006,26284.53,6827.59
20190515,341226007,22837.44,4819.57
20190515,341226008,23840.02,5774.71
20190515,341226009,31038.14,9285.43
20190515,341226011,23156.32,5837.22
20190515,341226012,26110.72,4725.4
20190515,341226013,18621.15,6074.35
20190515,341226014,26053.65,6599.01
20190515,341226015,27560.6,6685.65
20190515,341226016,24427.03,8653.2
20190515,341226017,18717,4122.66
20190515,341226018,28918.02,7223.91
20190515,341226019,30666.96,8050.37
20190515,341226020,21731.93,4354.51
20190515,341226021,30831.76,9171.06
20190515,341226022,25713.27,9250.11
20190515,341226023,11927.14,4774.52
20190515,341226026,16030.88,5797.8
20190515,341282001,21751.75,4940.32
20190515,341282002,21158.89,5124.59
20190515,341282003,34157.61,9977.06
20190515,341282004,26005.76,7153.23
20190515,341282005,34056.44,9683.39
20190515,341282006,45689.05,12041.28
20190515,341282007,35087.23,9954.25
20190515,341282008,31424.29,7025.1
20190515,341282009,26542.57,5794.73
20190515,341282010,21008.66,6370.97
20190515,341282011,32341.7,7572.05
20190515,341282013,36920.15,9830.29
20190515,341282014,25075.07,6444.29
20190515,341282015,26042.49,4974.81
20190515,341282016,37766.83,6103.6
20190515,341282019,24843.01,6045.48
20190515,341301001,27960.3,6902.3
20190515,341301002,12947.05,3712.44
20190515,341301003,10246.84,5039.27
20190515,341301004,30562.42,9827.73
20190515,341301005,25753.15,8096.28
20190515,341301006,19545.6,5668.56
20190515,341301007,19325.78,5189.88
20190515,341301009,24488.22,8359.45
20190515,341301010,27762.15,8731.52
20190515,341301011,15094.41,5318.9
20190515,341301012,12636.88,4809.71
20190515,341301013,33263.9,9777.53
20190515,341301014,33579.32,12551.29
20190515,341301015,45822.15,17880.55
20190515,341301017,22437.91,7122.67
20190515,341301020,30425.27,8984.8
20190515,341301021,23537.24,7080.18
20190515,341301023,42656.9,15650.28
20190515,341301025,43526.79,18337.26
20190515,341301026,43838.9,16900.33
20190515,341301027,52319.38,24413.54
20190515,341301028,42836.99,16333.34
20190515,341301029,32869.28,9363.42
20190515,341301030,30142,10081.35
20190515,341301032,40377.7,17599.91
20190515,341301034,32013.81,9121.78
20190515,341301036,19528.11,5476.66
20190515,341301038,26275.26,9273.37
20190515,341301039,20960.22,4505.91
20190515,341301040,49602.82,18492.38
20190515,341301041,26489.15,9649.82
20190515,341321001,21592.73,8604.95
20190515,341321002,17216.28,7677.85
20190515,341321003,20307.99,8934.03
20190515,341321004,43702.69,18718.99
20190515,341321005,32679.96,9370.52
20190515,341321006,32021.02,14870.11
20190515,341321007,52295.77,21544.34
20190515,341321008,20876.57,7960.15
20190515,341321009,27875.71,8252.76
20190515,341321010,15851.41,5115.55
20190515,341321011,24077.91,8202.38
20190515,341321012,29321.57,12210.49
20190515,341321013,34758.19,13416.27
20190515,341321014,41509.91,14708.6
20190515,341321016,17219.38,5824
20190515,341321017,28560.96,10536.19
20190515,341321018,32399.76,14209.54
20190515,341321019,34133.76,12529.98
20190515,341321020,19439.18,8365.98
20190515,341321021,34367.5,12976.54
20190515,341321022,27333.81,9628.9
20190515,341321023,15545.55,5236.8
20190515,341322002,60065.63,18966.24
20190515,341322004,26119.79,8982.27
20190515,341322005,34459.99,11957.68
20190515,341322006,44714.9,12916.37
20190515,341322007,28352.71,8152.76
20190515,341322008,20549.06,5835.28
20190515,341322012,17929.99,4520.42
20190515,341322013,27376.23,7086.39
20190515,341322014,32402.61,13135.45
20190515,341322015,40638.67,12173.78
20190515,341322016,19460.05,6258.46
20190515,341322017,31498.39,8697.98
20190515,341322018,19881.22,8586.72
20190515,341322019,18491.51,6523.8
20190515,341322020,18722.15,6826.42
20190515,341322021,19275.08,7568.84
20190515,341322022,25061.52,7028.79
20190515,341322023,37977.41,13929.24
20190515,341322024,18813.3,7635.84
20190515,341322025,19685.03,7363.36
20190515,341322026,32782.88,12490.28
20190515,341323002,26459.75,11832.58
20190515,341323003,28910.08,14919.78
20190515,341323004,32035.35,16575.19
20190515,341323005,37264.02,20189.08
20190515,341323006,39164.64,20480.65
20190515,341323008,29419.79,12287.62
20190515,341323009,31698.07,11657.9
20190515,341323010,42722.33,20845.1
20190515,341323011,32753.27,11452.13
20190515,341323012,34123.37,14173.99
20190515,341323013,39210.61,13552.85
20190515,341323014,29561.45,12537.29
20190515,341323016,22913.54,11484.2
20190515,341323017,25038.15,9588.33
20190515,341323018,37608.95,13128.07
20190515,341323019,34948.83,14827.85
20190515,341323020,25933.92,12637.22
20190515,341324001,31616.87,11473.65
20190515,341324003,35732.61,11466.57
20190515,341324004,33523.79,13630.62
20190515,341324005,58416.68,19828.89
20190515,341324006,38442.67,14793.05
20190515,341324007,44710.61,14864.81
20190515,341324008,27197.08,9120.29
20190515,341324009,38359.1,16180.29
20190515,341324010,39351.06,19130.97
20190515,341324011,37408.39,17926.96
20190515,341324012,41194.28,13500.16
20190515,341324015,13901.43,5058.2
20190515,341501001,20047,4907.89
20190515,341501002,21710.71,4068.24
20190515,341501003,26584.34,5286.79
20190515,341501005,21336.21,5917.33
20190515,341501007,26222.82,4533.93
20190515,341501008,22600.32,5930.03
20190515,341501011,27605.18,6122.28
20190515,341501012,37392.57,7005.25
20190515,341501013,42051.66,3222.81
20190515,341501014,28426.8,5329.49
20190515,341501015,56940.68,10884.55
20190515,341501017,27965.52,5402.62
20190515,341501018,41311.03,4364.84
20190515,341501019,22324.87,2867.99
20190515,341501020,44172.77,7575.55
20190515,341501021,44347.07,5677.38
20190515,341501022,25973.64,4655.95
20190515,341501023,50250.17,12926.97
20190515,341501024,31572.18,10427.95
20190515,341501025,25083.56,4398.99
20190515,341501026,18933.81,4585.12
20190515,341501027,23423.71,6194.97
20190515,341501028,27457.51,10408.67
20190515,341501029,19818.44,5120.59
20190515,341522001,26668.62,5737.21
20190515,341522002,26487.69,10310.88
20190515,341522004,41538.72,13997.23
20190515,341522005,53444.2,14444.96
20190515,341522006,37043.85,6594.94
20190515,341522007,40480.62,9868.4
20190515,341522008,29875.58,8599.37
20190515,341522009,29785.14,9702.96
20190515,341522010,28661.96,7568.72
20190515,341522011,31467.94,7088.28
20190515,341522012,44093.25,6026.19
20190515,341522013,37043.89,6467.13
20190515,341522014,25341.17,5134.05
20190515,341522015,44356.65,9393.2
20190515,341522016,25436.1,5278.44
20190515,341522018,23160.95,5647.25
20190515,341523001,57464.06,9935.03
20190515,341523003,27764.12,4530.32
20190515,341523004,22603.01,3395.06
20190515,341523005,42111.83,6094.17
20190515,341523006,23211.56,4354.03
20190515,341523007,17649.63,2541.39
20190515,341523008,20929.87,3285.12
20190515,341523009,30613.85,4833.55
20190515,341523010,34485.02,7805.12
20190515,341523011,25773.14,3529.45
20190515,341523012,33069.34,5496.65
20190515,341523013,45418.46,6891.92
20190515,341523014,12485.46,1792.44
20190515,341523015,27070.05,3673.53
20190515,341523016,22824.71,3973.22
20190515,341523017,36417.14,5725.95
20190515,341523018,37733.1,4092.74
20190515,341523019,31285.95,4549.83
20190515,341523020,32876.33,2614.29
20190515,341523021,22373.61,2733.13
20190515,341523022,34233.3,4512.68
20190515,341523023,27357.94,4287.91
20190515,341523025,32246.01,4201.7
20190515,341523026,25326.99,5790.16
20190515,341523028,5590.39,1192.3
20190515,341524001,19842.71,6360.72
20190515,341524003,10959.92,4147.87
20190515,341524004,31314.63,10025.17
20190515,341524006,24945.32,5194.57
20190515,341524007,22839.35,7470.44
20190515,341524008,28712.87,5438.09
20190515,341524009,21642.41,3533.34
20190515,341524011,48690.68,12253.54
20190515,341524012,23237.98,7375.57
20190515,341524014,25286.27,8087.68
20190515,341524017,17636.22,3973.15
20190515,341524018,7490.67,2321.63
20190515,341524019,12501.47,5565.96
20190515,341525002,37287.08,4927.05
20190515,341525003,32098.03,6529.73
20190515,341525004,12453.54,1798.95
20190515,341525005,17753.9,2442.75
20190515,341525006,22054.01,3996.38
20190515,341525007,11759.39,2051.6
20190515,341525008,24652.04,5624.67
20190515,341525009,15408.05,2300.08
20190515,341525010,16212.13,3125.81
20190515,341525011,25364.58,2474.74
20190515,341525013,17980.11,3227.49
20190515,341525014,30128.66,5714.72
20190515,341525015,17304.66,2038.43
20190515,341525016,18365.45,2913.94
20190515,341601001,9249.12,2715.16
20190515,341601002,6548.06,2921.55
20190515,341601003,14081.41,5411.6
20190515,341601004,8086.03,2704.44
20190515,341601005,11120.06,4028.35
20190515,341601006,15402.37,8002.57
20190515,341601007,13080,4223.08
20190515,341601008,9363.11,3749.74
20190515,341601009,6608.95,2838.5
20190515,341601010,6545.08,4824.26
20190515,341601011,4806.34,2551.85
20190515,341601012,8644.87,4072.83
20190515,341601013,8497.45,2965.12
20190515,341601014,13095.99,7520.14
20190515,341601015,8897.93,3275.82
20190515,341601016,5783.09,2356.22
20190515,341601018,25045.43,6757.25
20190515,341601019,39913.26,12252.79
20190515,341601020,30493.66,6894.16
20190515,341601022,22059.18,7538.84
20190515,341601023,28679.4,7398.58
20190515,341601024,21927.81,8025.89
20190515,341601025,24393.54,6823.15
20190515,341601027,49342.61,11923.5
20190515,341601028,30084.84,8257.77
20190515,341601029,29542.72,9136.47
20190515,341601030,14285.53,5412.12
20190515,341601031,23142.94,7300.81
20190515,341601037,12637.98,7472.87
20190515,341621002,17982.93,6561
20190515,341621003,17038.42,6568.46
20190515,341621004,19291.38,7259.48
20190515,341621005,19885.91,7438.12
20190515,341621007,43884.28,14116.53
20190515,341621008,29655.71,7393.75
20190515,341621009,15798.27,6542.48
20190515,341621010,10507.02,4045.67
20190515,341621011,36433.58,6900.73
20190515,341621012,32138.24,9174.87
20190515,341621013,37299,7955.98
20190515,341621014,29279.84,6688.97
20190515,341621015,39863.98,8748.16
20190515,341621016,40464.02,12377.11
20190515,341621017,31709.55,7719.74
20190515,341621018,19269.13,8824
20190515,341621019,24617.97,9410.53
20190515,341621020,20584.18,4117.87
20190515,341621021,33563.38,11945.58
20190515,341621022,39957.59,10432.85
20190515,341621023,30933.14,9048.08
20190515,341621024,15859.19,5334.05
20190515,341621025,22344.8,5729.92
20190515,341621026,34207.62,10129.5
20190515,341621027,22854.09,5248.37
20190515,341621028,30669.61,10304.99
20190515,341621029,37231.74,8755.42
20190515,341622001,23956.52,5145.39
20190515,341622002,30623.66,7086.78
20190515,341622003,20034.12,6206.5
20190515,341622004,15747.41,3777.92
20190515,341622005,36073.1,6896.62
20190515,341622006,21047.57,6080.37
20190515,341622007,22577.17,5624.13
20190515,341622008,28830.79,9672.33
20190515,341622009,22378.8,4785.91
20190515,341622010,32552.77,13333.83
20190515,341622012,22455.75,4838.91
20190515,341622013,37396.82,14459.9
20190515,341622014,23533.78,6721.37
20190515,341622015,41798.52,11155.71
20190515,341622016,37143.61,10634.09
20190515,341622017,24153.8,6126.8
20190515,341622018,24084.4,6856.53
20190515,341622019,21762.93,4196.76
20190515,341622020,23086.16,6940.26
20190515,341622021,23388.99,5249.31
20190515,341623001,20395.99,5192.22
20190515,341623002,18218.36,5528.9
20190515,341623003,43202.75,12966.73
20190515,341623005,18690.77,5057.22
20190515,341623006,33071.6,6732.43
20190515,341623008,17387.92,6476.38
20190515,341623009,14329.45,3138.34
20190515,341623010,21405.96,5696.47
20190515,341623011,32231.97,7476.41
20190515,341623012,35467.17,6035.09
20190515,341623013,47696.52,13173.02
20190515,341623014,41813.47,10574.02
20190515,341623015,16824.37,3171.66
20190515,341623016,43114.45,7192.99
20190515,341623017,20928.43,6158.42
20190515,341623018,29370.87,5751.3
20190515,341623019,24478.58,4601.29
20190515,341623020,33774.62,6737.3
20190515,341623021,29123.39,6329.11
20190515,341623022,23172.66,6907.38
20190515,341623023,15423.46,4176.82
20190515,341623024,26030.77,8553.32
20190515,341701002,14815.81,1742.11
20190515,341701005,9126.12,2390.5
20190515,341701007,22271.58,3758.69
20190515,341701008,15015.53,2599.45
20190515,341701009,18578.62,1915.38
20190515,341701011,20977.81,2350.65
20190515,341701012,26323.2,5063.51
20190515,341701013,12647.33,2129.38
20190515,341701014,14050.78,3065.09
20190515,341701015,12916.37,3208.24
20190515,341701016,19926.31,4495.92
20190515,341701017,30024.67,5901.25
20190515,341701018,17330.09,2676.7
20190515,341701019,15449.36,3079.99
20190515,341701020,9352.84,2484.38
20190515,341701021,10980.15,2256.78
20190515,341701022,31172.16,7824.64
20190515,341701023,25079.06,4302.18
20190515,341701024,12471.96,2999.46
20190515,341701025,27466.76,4249.4
20190515,341701026,29103.87,6085.99
20190515,341701027,6237.38,2695.94
20190515,341701028,16080.99,3106.87
20190515,341721002,47740.63,4442.15
20190515,341721004,35891.31,4691.33
20190515,341721005,30260.53,5124.14
20190515,341721006,31205.11,3388.22
20190515,341721007,27509.43,4771.57
20190515,341721008,17451.64,2865.98
20190515,341721009,23905.69,3216.32
20190515,341721010,35168.47,6257.62
20190515,341721011,40604.53,6744.58
20190515,341721012,22283.52,4198.68
20190515,341721013,9386.82,1427.35
20190515,341721014,12570.13,1962.99
20190515,341721015,7289,1039.62
20190515,341721016,30989.03,7064.29
20190515,341721017,9107.05,1925.33
20190515,341721018,20391.53,5458.32
20190515,341721019,45766.8,8848.54
20190515,341721020,26400.88,4232.83
20190515,341721021,14044.65,2398.18
20190515,341722002,12100.95,2827.31
20190515,341722003,5691.44,1274.55
20190515,341722004,12155.06,2595.5
20190515,341722005,8111.55,1379.33
20190515,341722006,10788.7,2566.52
20190515,341722007,20885.42,4078.29
20190515,341722008,9879.92,1950.87
20190515,341723001,17901.48,3888.03
20190515,341723003,13028.7,1739.37
20190515,341723004,21591.68,3471.42
20190515,341723005,13984.76,1754
20190515,341723006,15754.98,1900.75
20190515,341723007,13139.14,1879.79
20190515,341723008,23677.76,3905.81
20190515,341723009,8219.07,939.37
20190515,341723010,22751.84,3480.08
20190515,341723011,12745.35,2228.03
20190515,341723013,9239.57,1418.55
20190515,341801001,27431.78,5781.57
20190515,341801004,20768.63,3865.62
20190515,341801005,38524.77,12083.2
20190515,341801007,23146.29,5991.58
20190515,341801008,25139.75,4198.61
20190515,341801009,11300.81,2849.47
20190515,341801010,23757.1,5601.76
20190515,341801011,29820.91,6502.35
20190515,341801013,15462.83,2472.94
20190515,341801015,23848.86,6106.27
20190515,341801016,38307.3,6762.13
20190515,341801017,28035.31,5923.43
20190515,341801018,34245.21,7488.89
20190515,341821002,13481.45,3856.29
20190515,341821004,14056.28,2368.02
20190515,341821005,12695.05,2212.79
20190515,341821006,10642.71,1370.1
20190515,341821007,42554.39,8057.59
20190515,341821008,20574.15,5629.47
20190515,341821009,18465.1,3467.9
20190515,341821010,19389.18,5153.06
20190515,341822002,18833.75,5291.63
20190515,341822003,14963.04,3794.48
20190515,341822004,13013.45,4003.28
20190515,341822006,21782.13,5864.38
20190515,341822007,19879.33,5261.78
20190515,341822008,14979.65,4930.28
20190515,341822009,21740.78,5984.61
20190515,341822010,22756.28,6691.04
20190515,341822011,14583.63,4921.23
20190515,341822012,11799.89,3454.09
20190515,341823001,10499.54,1231.02
20190515,341823002,13502.43,2020.45
20190515,341823003,16634.49,2861.33
20190515,341823005,16289.79,2959.99
20190515,341823006,11163.51,1977.07
20190515,341823007,19602.44,2864.11
20190515,341823008,26365.66,3224.7
20190515,341823009,13372.3,1911.61
20190515,341823010,17304.3,3352.41
20190515,341823011,13082.93,1983.16
20190515,341823012,10261.8,1530.31
20190515,341823013,10960.91,2905.23
20190515,341823014,29127.13,6720.76
20190515,341823016,10909.62,3762.23
20190515,341824002,40303.45,12152.45
20190515,341824004,12875.18,2352.18
20190515,341824005,8875.65,1570.49
20190515,341824006,8625.08,1754.72
20190515,341824007,8952.65,1369.53
20190515,341824008,10040.52,1491.96
20190515,341824009,9092.14,1211.8
20190515,341825002,9036.07,1637.13
20190515,341825003,20344.22,3098.13
20190515,341825004,10032.65,2020.08
20190515,341825005,12454.02,2912.28
20190515,341825006,15938.77,2966.1
20190515,341825007,17764.4,3448.6
20190515,341825008,8346.39,2321.68
20190515,341825012,5294.77,1390.72
20190515,341881002,23849.17,4497.46
20190515,341881003,10366.59,2041.16
20190515,341881004,9450.4,2557.65
20190515,341881005,4970.9,1077.73
20190515,341881006,16007.81,4948.95
20190515,341881007,4772.49,1178.22
20190515,341881008,8158.55,2082.09
20190515,341881009,8543.62,1830.72
20190515,341881010,8735.38,2125.71
20190515,341881011,21992.78,6651.1
20190515,341881013,27024.34,5811.21
20190515,341881014,10758.35,2506.15
20190515,341881015,18473.26,7327.94
20190515,341881016,19936.53,5660.45
