#日期,机构,余额,活期余额
20190511,340101011,30674.07,8030.08
20190511,340101012,37528.85,17005.52
20190511,340101015,23051.08,6084.86
20190511,340101016,37991.18,9285.6
20190511,340101017,18282.05,5365.47
20190511,340101018,20563.69,5595.48
20190511,340101021,12594.96,4729.77
20190511,340101023,9649.91,3858.15
20190511,340101024,14778.15,2819.47
20190511,340101025,27697.42,6253.16
20190511,340101028,41977.87,10986.79
20190511,340101029,10308.41,2802.46
20190511,340101031,29405.4,7417.38
20190511,340101032,23525.48,6578.8
20190511,340101034,22476.06,6883.37
20190511,340101036,22122.24,5163.07
20190511,340101037,20431.46,7628.27
20190511,340101038,18561.54,4349.08
20190511,340101039,13988.62,2636.1
20190511,340101040,19196.86,4508.33
20190511,340101042,12545.22,3397.83
20190511,340101043,29727.27,5787.92
20190511,340101044,10477,3266.67
20190511,340101045,46999.7,7232.62
20190511,340101047,13423.82,3089.32
20190511,340101049,10465.66,3526.83
20190511,340101050,29480.24,6927.4
20190511,340101051,23498.71,11919.17
20190511,340101052,15275.17,2889.38
20190511,340101053,12570.34,3456.16
20190511,340101054,13819.25,5181.53
20190511,340101057,13861.03,4371.53
20190511,340101059,10811.66,2381.25
20190511,340101061,13573.25,4291.15
20190511,340101062,14576.46,4713.8
20190511,340101064,36077.5,10563.12
20190511,340101065,22206.54,4043.86
20190511,340101066,6370.16,1448.34
20190511,340101067,13562.73,5336.01
20190511,340121001,21002.64,6857.25
20190511,340121003,7228.74,3067.06
20190511,340121004,18088.17,6418.52
20190511,340121005,36730.71,9837.73
20190511,340121007,31705.27,8686.69
20190511,340121008,23146.45,6829.92
20190511,340121009,25041.76,12276.65
20190511,340121010,17007.58,6861.23
20190511,340121011,29125.14,13310.99
20190511,340121017,17431.68,5761.54
20190511,340121018,22796.87,8045.54
20190511,340121020,5927.16,1987.36
20190511,340122001,38762.43,13079.33
20190511,340122002,34145.03,9173.12
20190511,340122003,14472.69,2841.02
20190511,340122004,8261.81,3284.19
20190511,340122005,3450.82,1171.6
20190511,340122006,33229.26,8995.58
20190511,340122007,21284.48,3683.86
20190511,340122008,24858.01,7445.21
20190511,340122009,24145.8,9498.05
20190511,340122011,32180.43,4675.16
20190511,340122012,15769.99,3226.88
20190511,340122013,20124.34,6087.48
20190511,340122014,19604.93,5120.69
20190511,340122015,14384.1,4141.96
20190511,340122016,23460.19,4391.01
20190511,340122017,15994.51,5843.58
20190511,340122018,12747.33,5284.02
20190511,340122019,22721.67,3212.02
20190511,340122020,26883.51,8547.52
20190511,340122021,25236.26,7177.56
20190511,340123001,32957.65,8411.65
20190511,340123005,48668.19,9687.59
20190511,340123006,34860.42,8006.76
20190511,340123007,52127.45,9400.93
20190511,340123008,43046.1,9642.59
20190511,340123010,25723.81,6092.61
20190511,340123011,54893.09,14739.15
20190511,340123013,43343.38,9606.8
20190511,340123014,24191.74,4827.4
20190511,340123015,34230.89,7519.19
20190511,340123016,36778.5,7142.61
20190511,340123018,34850.08,9731.43
20190511,340123019,33283.73,7044.79
20190511,340124001,19647.99,4905.98
20190511,340124002,44207.92,11978.61
20190511,340124003,24020.89,4474.48
20190511,340124004,35758.68,4485.61
20190511,340124005,32711.57,5351.92
20190511,340124006,23712.44,4943.91
20190511,340124008,32182.35,3222.89
20190511,340124009,43069.19,5691.85
20190511,340124010,11559.59,2294.93
20190511,340124011,31095.41,5826.64
20190511,340124012,23995.32,3303
20190511,340124013,18873.04,3227.64
20190511,340124014,33026.38,7820.47
20190511,340124015,27970.74,5153.43
20190511,340124016,27623.37,5207
20190511,340124017,19041.91,3733.31
20190511,340124018,29780.41,6188.5
20190511,340124019,17881.14,2178.2
20190511,340124020,5545.03,897.67
20190511,340124021,16721.22,3266.45
20190511,340124022,26660.85,3617.45
20190511,340124023,8880.25,1781.44
20190511,340124024,24854.95,2126.74
20190511,340124025,16463.76,5147.13
20190511,340181003,13200.46,2307.92
20190511,340181004,23881.32,6978.57
20190511,340181005,17340.45,2803.5
20190511,340181006,22204.92,3604.37
20190511,340181007,21935.66,3535.8
20190511,340181008,8441.8,1758.06
20190511,340181009,12529.03,2225.75
20190511,340181010,39156.2,8628.5
20190511,340181011,23856.87,6835.43
20190511,340181012,17388.83,5225.12
20190511,340181013,12773.87,2764.96
20190511,340181016,21034.87,2243.7
20190511,340181017,24433.48,3864.8
20190511,340181018,28746.02,4136.08
20190511,340181020,36438.5,6007.73
20190511,340181021,25692.59,3519.89
20190511,340181022,21811.61,3775.94
20190511,340181023,21542.36,5223.4
20190511,340181024,13586.53,2680.01
20190511,340181025,17753.49,2108.99
20190511,340181026,15684.71,4311.62
20190511,340201002,8529.06,2044.56
20190511,340201005,12016.2,2427.98
20190511,340201006,11993.65,2451.76
20190511,340201010,9737.44,2002.75
20190511,340201011,9265.83,1931.34
20190511,340201013,11727.44,2165.58
20190511,340201015,11467.08,2881.95
20190511,340201016,18225.53,3769.88
20190511,340201017,15024.64,4108.12
20190511,340201018,15001.45,2635.32
20190511,340201019,11045.63,1951.63
20190511,340201020,17649.55,4229.68
20190511,340201021,19736.86,4996.72
20190511,340201022,9545.71,1801.27
20190511,340201023,12511.74,2441.23
20190511,340201024,10905.4,2495.65
20190511,340201026,17592.36,4895.97
20190511,340201027,11709.24,2901.82
20190511,340201028,16308.35,3202.65
20190511,340201032,10671.52,3370.08
20190511,340201034,9731.08,2453.59
20190511,340201037,31556.83,4651.15
20190511,340201038,10954.63,2330.44
20190511,340201039,30871.5,9522.51
20190511,340201040,34158.69,6102.07
20190511,340201041,22988.57,4671.23
20190511,340201042,28645.79,6746.93
20190511,340201043,36900.07,7064.01
20190511,340201044,18572.49,3961.89
20190511,340201045,38573.55,8160.71
20190511,340201047,21087.61,6420.91
20190511,340201049,13369.84,3814.2
20190511,340201052,28884.56,6038.72
20190511,340201053,17986.84,3977.18
20190511,340201054,49286.09,10232.93
20190511,340201055,22983.22,4185.79
20190511,340221002,18243.24,5288.64
20190511,340221003,18420.36,4576.65
20190511,340221004,18994.11,5100.19
20190511,340221007,17978.16,4216.66
20190511,340221010,27394.69,8761.23
20190511,340221012,29722.67,4723.38
20190511,340221013,31602.5,8101.73
20190511,340222002,14919.55,3499.23
20190511,340222003,37245.46,7410.99
20190511,340222005,13109.67,2351.47
20190511,340222007,21577.08,4844.16
20190511,340222009,10023.23,1765.9
20190511,340222010,25748.51,4748.74
20190511,340222011,32332.69,5540.27
20190511,340222012,14585.78,2269.87
20190511,340222016,10765.52,2511.14
20190511,340222017,15380.9,3072.44
20190511,340222022,18205.72,3924.98
20190511,340223002,42814.33,8123.81
20190511,340223003,34097.38,6140.04
20190511,340223004,29594.24,6502.83
20190511,340223005,40463.5,9616.79
20190511,340223006,47615.64,8126.71
20190511,340223008,28244.77,4797.4
20190511,340223009,29162.1,5244.79
20190511,340223010,18071.88,3465.98
20190511,340223011,17203.43,3968.33
20190511,340223012,23454.63,4670.27
20190511,340223013,16704.67,3243.65
20190511,340223014,19554.91,3569.8
20190511,340223017,11029.14,1687
20190511,340223018,11757.35,1566.62
20190511,340225001,28070.29,9889.22
20190511,340225002,29783.2,5893.54
20190511,340225004,48169.23,5750.21
20190511,340225006,22945.96,3387.03
20190511,340225007,67244.66,15159.86
20190511,340225008,37721.32,4425.32
20190511,340225009,29739.45,5849.65
20190511,340225010,21303.67,4073.2
20190511,340225011,21876.02,3518.34
20190511,340225012,29525.17,6433.55
20190511,340225013,24267.36,4942.23
20190511,340225014,38382.73,8930.81
20190511,340225015,41412.96,6956.38
20190511,340225016,27492.59,4299.05
20190511,340225017,44697.04,12567.77
20190511,340225018,24624.69,6421.07
20190511,340225019,18939.87,3995.11
20190511,340225020,10706,1539.8
20190511,340225021,16157,2180.01
20190511,340225022,9691.65,1997.54
20190511,340301002,6914.27,2362.83
20190511,340301003,5844.46,1627.88
20190511,340301004,12273.58,3973.17
20190511,340301007,7764.48,2539.86
20190511,340301008,7495.26,1770.31
20190511,340301009,7133.18,1736.48
20190511,340301010,12665.64,4083.21
20190511,340301011,11493.2,2740
20190511,340301013,10060.54,2647.68
20190511,340301014,9322.12,2044.11
20190511,340301015,4091.34,1149.1
20190511,340301016,15364.8,2410.27
20190511,340301017,9482,2592.22
20190511,340301018,6432.23,2016.92
20190511,340301019,2321.22,807.52
20190511,340301020,9758.58,2390.03
20190511,340301021,7544.33,1901.39
20190511,340301022,12474.08,4217.54
20190511,340301024,9193.81,3174.35
20190511,340301025,24579.6,8642.05
20190511,340301026,20931.55,4809.71
20190511,340321002,8855.91,3818.46
20190511,340321003,15268.67,9724.89
20190511,340321004,11787.24,6818.88
20190511,340321005,12387.79,5579.67
20190511,340321006,11768.41,5650.09
20190511,340321007,14257.67,6320.12
20190511,340321008,8955.13,4474.65
20190511,340321009,13103.31,6950.22
20190511,340321010,17724.3,9751.55
20190511,340321011,24723.48,13712.56
20190511,340321012,12817.28,6373.92
20190511,340321013,9548.29,3144.86
20190511,340321014,10227.57,6483.17
20190511,340321015,12256.93,6746.31
20190511,340321016,10007.42,5395.45
20190511,340321018,12744.12,10024.39
20190511,340321019,14801.59,9147.7
20190511,340321020,10649.35,5535.45
20190511,340321021,13007.04,6002.21
20190511,340321023,10477.06,5273.05
20190511,340321024,10113.82,5381.51
20190511,340321025,18609.89,9625.15
20190511,340322001,16398.79,5888.52
20190511,340322002,33008.67,11936.51
20190511,340322003,12099.71,4697.56
20190511,340322004,24139.57,10399.74
20190511,340322005,20498.8,7068.29
20190511,340322006,26544.29,8590.28
20190511,340322007,19132.77,6515.63
20190511,340322008,29692.31,11965.82
20190511,340322010,29151.65,10019.26
20190511,340322011,26952.89,10646.83
20190511,340322012,19529.34,7287.5
20190511,340322013,18732.13,6649.75
20190511,340322015,13072.36,4238.43
20190511,340322016,20585.83,6938.58
20190511,340322017,15723.2,6686.91
20190511,340322021,10986.97,3503.88
20190511,340323001,11285.52,4417.62
20190511,340323002,10565.4,3982.62
20190511,340323003,19178.97,6489.06
20190511,340323006,19483.86,7096.63
20190511,340323007,23204.82,6354.61
20190511,340323008,18238.51,7107.38
20190511,340323009,16436.45,5686.85
20190511,340323010,16324.33,6916.78
20190511,340323011,13675.09,6258.06
20190511,340323012,14984.06,5728.11
20190511,340323013,5950.67,1686.38
20190511,340323014,7367.58,2840.35
20190511,340323015,5185.72,2353.94
20190511,340323016,14560.09,5233.05
20190511,340323017,19287.6,7452.17
20190511,340323018,12684.77,3993.38
20190511,340323019,14072.99,6492.93
20190511,340323020,10781.15,4190.33
20190511,340323021,9140.68,3602.07
20190511,340323022,11597.9,4840.21
20190511,340323023,10642.45,3617.3
20190511,340323024,12910.46,4659.53
20190511,340401002,10020.56,2589.38
20190511,340401004,12859.29,2540.41
20190511,340401005,12029.64,2111.58
20190511,340401006,11574.02,2346.2
20190511,340401007,8468.48,1862.61
20190511,340401009,22438.27,3182.61
20190511,340401010,10473.73,2256.73
20190511,340401011,16864.94,3777.77
20190511,340401012,12511.06,2095.91
20190511,340401013,13196.6,3580.57
20190511,340401014,24176.83,3655.14
20190511,340401015,13758.26,2410.72
20190511,340401016,14696.11,3678.68
20190511,340401017,14900.28,3223.5
20190511,340401018,14613.75,2656.29
20190511,340401019,15705.16,1628.16
20190511,340401020,23376.33,3985.48
20190511,340401021,16598.35,3443.41
20190511,340401022,19919.68,3664.46
20190511,340401026,24848.25,4617.91
20190511,340401028,15374.82,1835.54
20190511,340401029,19982.68,4055.87
20190511,340401031,16544.57,3145.58
20190511,340401032,20358.9,2803.11
20190511,340401033,20044.16,3930.46
20190511,340401035,13685.94,1662.27
20190511,340401036,16275.53,3192.11
20190511,340401038,11985.31,1203.12
20190511,340401040,25726.38,5249.29
20190511,340401041,14108.66,6817.46
20190511,340401042,32983.57,8753.96
20190511,340401043,26219.19,4337.49
20190511,340401047,36105.61,10803.74
20190511,340401048,19029.41,4102.95
20190511,340401049,17930.46,4544.9
20190511,340401051,21111.35,6605.51
20190511,340401052,15171.84,2205.73
20190511,340401053,13815.21,2328.25
20190511,340421002,20410.3,5903.87
20190511,340421003,30102.46,7795.01
20190511,340421004,51761.77,13866.32
20190511,340421005,31914.89,9607.03
20190511,340421006,26766.15,7625.86
20190511,340421007,24817.22,8938.51
20190511,340421008,43180.2,11427.96
20190511,340421009,27346.95,8234.86
20190511,340421010,34512.15,8774.3
20190511,340421012,25286.93,6314.87
20190511,340421013,29860.29,8292.5
20190511,340421014,24603.53,8425.14
20190511,340421015,31752.81,8698.39
20190511,340421016,26837.09,6260.86
20190511,340421017,34578.55,7971.78
20190511,340421019,23953.09,6109.67
20190511,340422101,32769,9078.17
20190511,340422102,17770.99,5945.65
20190511,340422103,19156.79,4228.37
20190511,340422105,19971.51,4330.45
20190511,340422106,31935.13,5705.71
20190511,340422107,14208.84,4515.66
20190511,340422108,20651.11,6772.08
20190511,340422109,18076.03,2602.37
20190511,340422110,17799.08,4524.47
20190511,340422111,22071.73,6809.37
20190511,340422112,25370.69,6092.39
20190511,340422113,7739.15,2346.77
20190511,340422114,22810.52,6159.86
20190511,340422115,10136.73,3258
20190511,340422117,28574.22,7963.07
20190511,340422118,39012.54,6826.91
20190511,340422119,18231.07,3590.49
20190511,340422120,21716.13,4516.99
20190511,340422121,39485.31,6177.06
20190511,340422122,27547.46,5789.65
20190511,340422123,12631.95,2328.83
20190511,340422125,18544.98,3699.53
20190511,340422126,28520.55,4692.48
20190511,340422127,14124.94,2527.05
20190511,340422128,35785.68,6963.23
20190511,340422129,14001.53,3631.03
20190511,340501001,6195.99,1290.36
20190511,340501003,14647.01,2548.39
20190511,340501004,10783.7,1430.24
20190511,340501006,5072.47,1104.61
20190511,340501007,8777.67,1608.97
20190511,340501008,6491.57,2080.33
20190511,340501009,19739.04,2863.94
20190511,340501010,9661.76,2426.13
20190511,340501012,8286.89,2034.55
20190511,340501013,7318.31,1133.84
20190511,340501014,19397.81,2353.53
20190511,340501015,8817.52,1478.44
20190511,340501016,4739.46,796.56
20190511,340501017,11189.12,1755.44
20190511,340501019,19219.32,4470.38
20190511,340501020,12812.46,1920.54
20190511,340501021,14845.05,2127.46
20190511,340501023,13254.31,1414.48
20190511,340501025,11324.44,2187.75
20190511,340501029,14574.12,2168.31
20190511,340501030,18844.88,3530.86
20190511,340521001,37156.76,6684.2
20190511,340521003,15058.81,2385.38
20190511,340521004,21725.73,4777.54
20190511,340521006,28817.9,3451.69
20190511,340521010,23132.99,5469.47
20190511,340521011,11824.39,2763.37
20190511,340521012,22899.76,6728.31
20190511,340521013,20841.29,3158.2
20190511,340521014,20920.61,3949.56
20190511,340521017,12667.82,3207.37
20190511,340521019,14772.69,3578.72
20190511,340521020,22501.14,4257.69
20190511,340521021,28977.78,5578.95
20190511,340521022,31606.28,5317.94
20190511,340521023,22357.01,5877.91
20190511,340521024,18203.03,5958.74
20190511,340521025,9882.54,3944.84
20190511,340522001,15586.86,3074.53
20190511,340522003,24574.69,4842.62
20190511,340522004,10783.39,1801.96
20190511,340522006,27179.41,6203.96
20190511,340522007,13521.96,3563.27
20190511,340522008,18922.9,5741.25
20190511,340522009,15435.35,3748.41
20190511,340522010,6895.92,1447.9
20190511,340522011,11134.57,2038.92
20190511,340522013,30326.43,4533.15
20190511,340522015,6515.99,1507.54
20190511,340523001,34994.87,7093.98
20190511,340523002,18916.38,4127.86
20190511,340523004,14718.01,2359.33
20190511,340523005,31706.18,4937.89
20190511,340523006,15878.64,2117.78
20190511,340523007,17502.08,5546.69
20190511,340523008,30466.92,5544.36
20190511,340523009,23438.75,6742.6
20190511,340523010,21336.76,4565.59
20190511,340523012,41891.31,6216.12
20190511,340523013,21930.34,3130.25
20190511,340601002,9840.26,2731.93
20190511,340601003,12186.27,2307.69
20190511,340601006,11977.01,3948.84
20190511,340601007,14613.9,4567.11
20190511,340601008,13714.31,4091.08
20190511,340601009,16128.88,4839.81
20190511,340601010,8787.88,1865.23
20190511,340601011,20371.35,3943.93
20190511,340601013,25715.66,4357.2
20190511,340601016,9252.88,2060.08
20190511,340601017,13145.05,3231.05
20190511,340601018,12935.98,1894.98
20190511,340601019,12654.21,2000.29
20190511,340601020,11541.54,1800.5
20190511,340601021,20350.66,4310.61
20190511,340601023,14342.14,2264.1
20190511,340601024,11747.42,2568.58
20190511,340601026,32713.88,5669.63
20190511,340601027,15841.65,3836.67
20190511,340601028,12161.91,3199.82
20190511,340601030,21763.57,5697.95
20190511,340601031,26428.2,5611.76
20190511,340601032,27713.81,5272.21
20190511,340601033,31896.27,6075.86
20190511,340601036,43829.36,8320.08
20190511,340621002,19553.28,4600.9
20190511,340621003,18247.26,5375.34
20190511,340621005,31991.94,6259.79
20190511,340621006,32641.77,10112.28
20190511,340621007,50556.35,9248.78
20190511,340621010,10872.6,2053.49
20190511,340621012,35862.01,7540.52
20190511,340621013,40702.66,8556.63
20190511,340621014,29845.68,7513.43
20190511,340621015,31752.99,7490.37
20190511,340621016,50862.35,11503.94
20190511,340621017,13400.3,3991.44
20190511,340621018,44003.05,12752.02
20190511,340621019,49917.67,15807.05
20190511,340621020,22848.89,5865.61
20190511,340621021,31325.26,7504.68
20190511,340621023,42323.31,9941.14
20190511,340621031,28210.18,6229.91
20190511,340621034,19091.06,5354.21
20190511,340701004,4869.54,1395.31
20190511,340701005,11769.29,2877.33
20190511,340701007,23444.52,4556.32
20190511,340701008,13432.23,2575.75
20190511,340701009,11986.87,2645.83
20190511,340701010,12420.32,2709.62
20190511,340701011,9135.44,2718.61
20190511,340701012,8476.92,1724.61
20190511,340701013,14431.87,2362.27
20190511,340701014,6109.63,1515.78
20190511,340701015,37159.04,5813.39
20190511,340701017,15092.92,2540.7
20190511,340701018,19677.29,3230.75
20190511,340701019,5836.12,2030.86
20190511,340701020,11287.32,2602.55
20190511,340701021,25032.65,3500.38
20190511,340701022,7328.33,1786.41
20190511,340701023,6798.18,1111.35
20190511,340701025,17693.44,4005.29
20190511,340701028,13978.75,2430.5
20190511,340701035,16473.26,2882.04
20190511,340701036,25491.79,3081.61
20190511,340701037,10257.63,1403.72
20190511,340701038,25253.15,3459.6
20190511,340701039,16751.69,2047.25
20190511,340701040,14819.35,1757.82
20190511,340701041,26501.7,3358.38
20190511,340701042,27349.96,3623.3
20190511,340701043,9345.98,1659.15
20190511,340701044,13682.98,1878.15
20190511,340701045,10846.51,1657.27
20190511,340701046,15997.17,1884.15
20190511,340701047,20500.39,3163.94
20190511,340701048,6718,1060.73
20190511,340722102,17206.34,1583.69
20190511,340722103,32620.51,5242.77
20190511,340722104,20034.56,1859.89
20190511,340722105,28967.04,3572.2
20190511,340722106,38860.47,3855.92
20190511,340722107,66728.84,7449.62
20190511,340722108,40638.44,4201.97
20190511,340722109,51853.78,4028.28
20190511,340722110,44321.01,3513
20190511,340722111,39286.08,3123.27
20190511,340722112,92783.22,10246.88
20190511,340722113,40920.73,4780.02
20190511,340722114,51294.23,5382.11
20190511,340722115,22858.66,2526.8
20190511,340722116,15738.38,1033.49
20190511,340722118,15895.44,1887.24
20190511,340722119,52532.45,5046.11
20190511,340722121,19307.85,2639.49
20190511,340722122,36795.55,3428.9
20190511,340722123,26036.91,2562.32
20190511,340722124,33551.88,3389.11
20190511,340722125,31464.44,2652.23
20190511,340722126,30541.08,6924.67
20190511,340801003,29272.85,4221.86
20190511,340801004,27050.66,3854.59
20190511,340801005,19279.6,1678.63
20190511,340801006,35659.32,10879.46
20190511,340801007,13998.32,3498.46
20190511,340801012,24582.76,2068.8
20190511,340801013,17061.76,2024.47
20190511,340801015,21607.24,3045.35
20190511,340801016,12191.87,1759.26
20190511,340801017,24956.01,1898.43
20190511,340801018,34360.97,3840.23
20190511,340801019,30251.02,4490.54
20190511,340801020,35625.87,4155.55
20190511,340801021,21545.76,4254.17
20190511,340801022,32284.09,6715.47
20190511,340801023,30540.87,5490.03
20190511,340801024,20680.7,3772.35
20190511,340801025,23658.59,6808.39
20190511,340801032,40348.31,5977.71
20190511,340801033,59190.46,7825.42
20190511,340801034,31142.43,11063.1
20190511,340822002,20178.01,2971.27
20190511,340822003,31529.46,3347.83
20190511,340822004,49147.46,10741.15
20190511,340822005,21244.82,4617.21
20190511,340822006,82151.49,8740.94
20190511,340822007,26085.9,4194.31
20190511,340822008,30114.77,6455.41
20190511,340822009,57191.48,8780.49
20190511,340822010,24415.94,4504.4
20190511,340822013,32976.05,4399.04
20190511,340822014,31297.72,4170.26
20190511,340822015,32598.66,4175.47
20190511,340822016,37984.22,6883.69
20190511,340822018,26936,3160.34
20190511,340822019,28111.83,4762.77
20190511,340822020,20202.08,1802.87
20190511,340822022,30251.78,3121.94
20190511,340822023,30002.96,4717.26
20190511,340822025,52591.39,8121.43
20190511,340822026,67774.76,8835.39
20190511,340822028,26408.67,3440.7
20190511,340822031,9709.6,1262.3
20190511,340824002,35797.37,5372.78
20190511,340824003,23936.26,2096.38
20190511,340824004,29755.94,4264.08
20190511,340824005,42361.98,5672.17
20190511,340824006,42403.8,9923.11
20190511,340824007,9192.5,1334.84
20190511,340824008,20261.52,3922.77
20190511,340824010,18766.42,2771.36
20190511,340824011,36127.98,4295.12
20190511,340824013,34366.8,5946.66
20190511,340824014,21472.81,4566.11
20190511,340824015,22974.83,3829.02
20190511,340824016,26550.43,3684.14
20190511,340824017,18085.41,2830.12
20190511,340824018,20621.14,3386.25
20190511,340824019,29649.31,3847.34
20190511,340824020,21218.59,4124.21
20190511,340824021,20450.72,5050.09
20190511,340825001,25569.98,4540.78
20190511,340825002,27809.5,5616.63
20190511,340825003,14623.79,2328.94
20190511,340825004,33522.32,11581.84
20190511,340825005,15028.63,4274.68
20190511,340825006,17069.29,4594.84
20190511,340825007,17282.1,3243.33
20190511,340825008,13230.85,4151.3
20190511,340825009,22702.45,5121.17
20190511,340825010,14237.13,3909.19
20190511,340825012,38260.64,7161.61
20190511,340825013,11227.6,3273.06
20190511,340825014,41155.56,7901.25
20190511,340825016,32461.85,8625.77
20190511,340825017,26188.51,5921.69
20190511,340826002,41394.52,8896.19
20190511,340826003,33488.89,5254.2
20190511,340826004,34981.37,6085.96
20190511,340826005,18136.2,3258.33
20190511,340826006,45665.65,10222.63
20190511,340826007,45048.87,10852.79
20190511,340826008,36853.21,9992.41
20190511,340826009,19990.97,5691.64
20190511,340826010,35131.34,8720.26
20190511,340826011,28040.26,6071.86
20190511,340826012,25044.58,5885.19
20190511,340826013,28361.8,7101.05
20190511,340826014,33193.94,6670.7
20190511,340826017,46383.59,9208.09
20190511,340826018,26952.94,7160.98
20190511,340826019,47104.82,9664.91
20190511,340826020,39574.28,10150.83
20190511,340826021,24985.19,4370.76
20190511,340826022,24685.41,4826.64
20190511,340827001,15035.85,2985.61
20190511,340827002,24362.94,4717.79
20190511,340827003,78621.31,10903.85
20190511,340827004,80477.13,12028.61
20190511,340827006,22660.75,4934.3
20190511,340827007,39803.81,4878.4
20190511,340827008,40339.9,7518.95
20190511,340827009,35787.1,6504.58
20190511,340827010,11534.94,1541.19
20190511,340827011,23593.97,4508.38
20190511,340827013,28914.76,4405.08
20190511,340827014,19799.53,3964.1
20190511,340827015,25125.89,5515.53
20190511,340827016,17398.92,4772.13
20190511,340827017,16035.89,2692.15
20190511,340827019,45273.37,5388.17
20190511,340827020,31696.64,5213.29
20190511,340827021,31222.01,4090.22
20190511,340827022,28113.91,6041.1
20190511,340827023,27937.24,4322.08
20190511,340828001,14650.48,4042.03
20190511,340828003,29174.49,6004.66
20190511,340828004,25086.69,8937.57
20190511,340828005,17092.97,5543.98
20190511,340828006,18660.62,4957.98
20190511,340828007,11537.95,2768.15
20190511,340828008,28917.2,4942.56
20190511,340828009,29454.51,5759.99
20190511,340828010,8719.32,2302.52
20190511,340828011,14039.2,4180.02
20190511,340881001,33795.29,5004.15
20190511,340881002,23220.7,3600.19
20190511,340881003,36240.98,5337.06
20190511,340881004,23788.06,2210.76
20190511,340881005,23484.34,2950.91
20190511,340881007,29352.92,2886.45
20190511,340881008,26696.76,2563.55
20190511,340881009,23870.79,3515.52
20190511,340881010,40083.12,5252.16
20190511,340881012,47008.41,6040.71
20190511,340881013,41904.28,4578.26
20190511,340881014,56456.48,7591.33
20190511,340881015,48277.35,6452.76
20190511,340881016,30195.73,4157.27
20190511,340881017,30254.55,3778.28
20190511,340881018,28066.89,4354.1
20190511,340881019,27247.26,2427.86
20190511,340881020,19027.34,2479.71
20190511,340881022,42328.35,4574.1
20190511,341001003,12314.06,3636.87
20190511,341001004,9297.84,2113.65
20190511,341001005,9783.2,2187.68
20190511,341001006,18557.43,2831.76
20190511,341001007,11430.47,2445.03
20190511,341001015,9095.16,1337.69
20190511,341003004,10364.04,1630.58
20190511,341003006,7668.51,1162.01
20190511,341003007,9761.35,1324.96
20190511,341003008,12868.47,2337.21
20190511,341003011,6459.97,858.46
20190511,341003012,6395.81,848.18
20190511,341003013,4235.09,810.31
20190511,341003014,3796.63,654.37
20190511,341003015,12666.2,1523.54
20190511,341003016,8647.32,1165.78
20190511,341003017,12495.42,2238.14
20190511,341003018,16208.56,2334.49
20190511,341003019,9729.84,1525.04
20190511,341003020,4220.71,446.87
20190511,341003022,5514.12,1453.61
20190511,341003023,3326.43,448.74
20190511,341021001,14239.69,1588.02
20190511,341021003,22479.91,3507.63
20190511,341021004,12062.58,1699.62
20190511,341021005,11066.45,1508.85
20190511,341021007,11840.74,1940.2
20190511,341021008,9337.24,1553.82
20190511,341021009,12325.46,1252.96
20190511,341021010,7829.09,851.91
20190511,341021011,21420.01,3427.98
20190511,341021012,22830.51,2856.43
20190511,341021013,6045.28,781.11
20190511,341021014,10226.07,1148.71
20190511,341021015,10459.67,1503.13
20190511,341021016,4928.77,767.63
20190511,341021017,16716.08,2173.57
20190511,341021018,16660.92,2629.39
20190511,341021019,19169.48,1972.04
20190511,341021022,15374.69,1875.39
20190511,341021024,3677.54,611.75
20190511,341021025,18548.13,2785.22
20190511,341021026,7576.28,848.92
20190511,341022003,8106.93,1153.32
20190511,341022004,10193.27,1361.24
20190511,341022005,14734.65,1114.02
20190511,341022006,14742.42,1594.83
20190511,341022008,6611.28,959.8
20190511,341022009,8807.46,948.71
20190511,341022010,11088.68,940.45
20190511,341022011,7339.25,1067.56
20190511,341022012,16893.58,2004.64
20190511,341022013,10520.86,1186.14
20190511,341022014,11518.83,1803.26
20190511,341023001,8322.54,1695.73
20190511,341023003,6167.13,1367.2
20190511,341023004,9962.28,1552.54
20190511,341023005,2739.05,380.27
20190511,341023006,3986.4,550.96
20190511,341023007,5313.36,1139.71
20190511,341024003,11342.97,848.89
20190511,341024004,11784.49,1167.41
20190511,341024005,14217.58,1738.04
20190511,341024006,19498.53,1922.58
20190511,341024007,18275.33,1649.15
20190511,341024008,11219.89,1628.05
20190511,341024009,16420.87,1980.19
20190511,341024010,9145.69,526.55
20190511,341101003,18028.05,3412.96
20190511,341101004,12728.08,2346.39
20190511,341101005,45221.61,8028.62
20190511,341101006,18882.5,2881.25
20190511,341101008,21598.18,3223.35
20190511,341101010,20960.31,4805.5
20190511,341101011,12677.39,2879.29
20190511,341101012,17797.42,3167.34
20190511,341101013,20320.91,3696.68
20190511,341101014,19190.83,3987.83
20190511,341101018,17139.96,2779.46
20190511,341101019,21856.75,4631.84
20190511,341122002,17579.57,3566.67
20190511,341122003,22299.69,4276.37
20190511,341122004,21104.71,4847.05
20190511,341122005,21242.63,8786.56
20190511,341122006,17947.84,2900.51
20190511,341122007,24967.38,3653.43
20190511,341122008,26990.31,6770.64
20190511,341122009,33435.91,4804
20190511,341122011,27447.43,3021.09
20190511,341124002,9521.73,2201.24
20190511,341124003,26965.73,6917.54
20190511,341124004,23124.93,3838.84
20190511,341124005,18588.5,3047.84
20190511,341124007,9166.05,2233.17
20190511,341124008,14631.86,3406.65
20190511,341124009,13676.01,3146.03
20190511,341124010,9867.22,2240.08
20190511,341124011,14961.13,2402.78
20190511,341124012,12820.8,4408.47
20190511,341124013,26294.55,4677.61
20190511,341125002,28959.4,11431.95
20190511,341125003,20562.89,6364.39
20190511,341125004,24057.5,5929.49
20190511,341125005,19796.04,5638.37
20190511,341125006,31224.58,6429.67
20190511,341125008,16075.47,4458.42
20190511,341125009,29430.81,7729.55
20190511,341125010,12538.36,3669.17
20190511,341125011,11880.16,3228.06
20190511,341125012,18830.57,7042.9
20190511,341125013,9916.67,3327.17
20190511,341126002,39136.97,15517.94
20190511,341126003,14393.22,11495.79
20190511,341126005,25849.52,7630.59
20190511,341126006,24112.92,12021.34
20190511,341126007,18943.56,5563.18
20190511,341126008,25881.11,9366.42
20190511,341126009,25614.69,10145.52
20190511,341126010,22377.85,7318.92
20190511,341126012,13500.11,3760.59
20190511,341181001,28707.21,4759.52
20190511,341181002,53174.05,10729.49
20190511,341181003,20813.82,5568.9
20190511,341181004,28050.73,6116.47
20190511,341181005,22868.82,4172.04
20190511,341181006,25940.18,5042.27
20190511,341181008,17176.38,3169.27
20190511,341181009,37966.27,12492.24
20190511,341181010,32761.95,4977.19
20190511,341181012,15325.73,3465.87
20190511,341181013,32927.56,5131.75
20190511,341181014,25481.41,3841.74
20190511,341182002,7765.92,1574.96
20190511,341182003,17422.62,5269.7
20190511,341182004,14733.53,2591.86
20190511,341182005,13406.21,3709.38
20190511,341182006,18610.16,4761.87
20190511,341182007,14558.79,5175.83
20190511,341182008,7742.75,2671.4
20190511,341182009,16895.13,5153
20190511,341182010,28447.39,6463.28
20190511,341182011,6128.68,838.53
20190511,341182013,19795.27,5189.19
20190511,341182014,18411.75,5314.29
20190511,341182015,20114,6659.44
20190511,341182016,10372.85,3239
20190511,341201001,21797.62,6975.43
20190511,341201002,12358.72,3515.25
20190511,341201003,11231.49,4371.58
20190511,341201004,21168.44,5896.88
20190511,341201005,30579.91,5506.07
20190511,341201007,13900.21,3343.21
20190511,341201008,18876.44,4932.19
20190511,341201009,24373.09,5917.09
20190511,341201011,14295.05,4500.48
20190511,341201012,29463.83,9485.63
20190511,341201013,23988.82,5825.54
20190511,341201014,10893.81,3484.59
20190511,341201015,20364.18,5724.47
20190511,341201016,18379.42,4154.49
20190511,341201017,20939.8,5959.82
20190511,341201018,21051.38,4774.9
20190511,341201019,21102.67,8357.5
20190511,341201020,32669.02,6826.58
20190511,341201021,20877.59,4790.54
20190511,341201023,34417.29,7070.06
20190511,341201025,34433.28,8754.19
20190511,341201026,25800.82,5222.76
20190511,341201027,31829.88,6155.23
20190511,341201028,34561.87,6702.48
20190511,341201030,44003.18,8562.45
20190511,341201031,19979.05,4106.07
20190511,341201032,18980.91,3956.88
20190511,341201033,31522.67,6234.24
20190511,341201034,28534.03,5813.75
20190511,341201035,13211.18,5690.82
20190511,341201037,17382.9,8083.92
20190511,341201038,21007.65,8408.49
20190511,341201042,34028.07,7750.72
20190511,341221001,48861.15,13565.5
20190511,341221002,38794.45,13124.65
20190511,341221003,38561,11453.48
20190511,341221004,45484.52,13130.33
20190511,341221005,39502.36,10796.61
20190511,341221006,40833.61,11641.96
20190511,341221007,46867.65,13101.57
20190511,341221008,38389.88,10674.38
20190511,341221009,34196.96,12251.21
20190511,341221010,52503.01,13043.17
20190511,341221011,34908.81,8866.32
20190511,341221012,71584.71,21715.8
20190511,341221013,49365.6,15221.65
20190511,341221015,30935.71,8183.85
20190511,341221016,34216.74,9126.97
20190511,341221017,36379.83,12633.37
20190511,341221018,37063.06,8885.2
20190511,341221019,54929.41,16135.73
20190511,341221020,34298.55,7584.85
20190511,341221021,40551,9953.66
20190511,341221022,32008.61,10789.65
20190511,341221023,37359.21,9964.41
20190511,341221024,22509.13,6328.65
20190511,341221025,20898.39,6941.86
20190511,341221026,39249.13,10420.02
20190511,341221027,41565.44,11575.27
20190511,341221028,30707.59,9042.36
20190511,341222001,25819.78,9887.01
20190511,341222002,18897.29,5966.64
20190511,341222003,36284.55,10421.46
20190511,341222004,10641.44,3958.42
20190511,341222005,24836.33,7701.9
20190511,341222006,15416.43,4898.88
20190511,341222007,36286.31,9095.32
20190511,341222009,31305.06,9875.97
20190511,341222010,57962.46,8005.11
20190511,341222011,68727.59,10469.68
20190511,341222012,47864.18,7934.56
20190511,341222013,51355.4,9813.03
20190511,341222014,74064.86,14462.85
20190511,341222015,47230.95,10569.16
20190511,341222016,53714.51,11353.74
20190511,341222017,42074.55,9696.78
20190511,341222018,48405.47,16643.65
20190511,341222019,72063.98,14300.13
20190511,341222020,34854.61,7649.36
20190511,341222021,44556.08,7755.03
20190511,341222022,43787.84,5814.95
20190511,341222023,32787.65,10126.15
20190511,341222024,48302.69,8710.17
20190511,341222025,51533.36,11054.67
20190511,341222026,43782.38,12042.75
20190511,341222027,38417.85,8439.77
20190511,341222028,28490.98,10138.1
20190511,341222029,34701.48,8104.35
20190511,341222030,38285.09,6487.32
20190511,341222031,32113.35,5740.99
20190511,341222035,26335.45,7157.6
20190511,341225001,19449.9,5761.26
20190511,341225002,21375.6,6541.99
20190511,341225003,21325.99,5718.91
20190511,341225004,30447.08,8371.7
20190511,341225005,13420.85,3987.14
20190511,341225006,48720.62,14600.47
20190511,341225008,30033.61,8454.5
20190511,341225009,33057,8928.19
20190511,341225011,30225.82,7223.06
20190511,341225012,26499.03,9243.69
20190511,341225013,50038.71,14967.75
20190511,341225014,34117.56,10984.84
20190511,341225015,49089.13,13756.02
20190511,341225016,32073.85,8125.16
20190511,341225017,34002.95,10360.7
20190511,341225018,58973.69,12612.86
20190511,341225019,27495.23,5691.89
20190511,341225020,29132.77,6356.7
20190511,341225021,36503.86,9290.73
20190511,341225023,19859.42,6991.54
20190511,341225027,20164.53,5281.16
20190511,341226001,26322.72,9413.39
20190511,341226002,41862.79,12864.73
20190511,341226004,27788.44,10559.16
20190511,341226005,36883.66,8895.92
20190511,341226006,26302.75,6761.24
20190511,341226007,22837.53,4776.71
20190511,341226008,23849.17,5719.11
20190511,341226009,31144.36,9362.34
20190511,341226011,23199.89,5885.77
20190511,341226012,26121.51,4707.59
20190511,341226013,18752.81,6232.86
20190511,341226014,26151.14,6644.78
20190511,341226015,27737.25,6829.65
20190511,341226016,24523.22,8785.45
20190511,341226017,18727.98,4154.48
20190511,341226018,28940.44,7199.56
20190511,341226019,30687.03,8028.89
20190511,341226020,21748.55,4350.37
20190511,341226021,30867.78,9206.16
20190511,341226022,25684.53,9204.69
20190511,341226023,11959.8,4848.06
20190511,341226026,16048.48,5797.42
20190511,341282001,21691.49,4798.38
20190511,341282002,21157.16,5108.93
20190511,341282003,34106.57,9908.84
20190511,341282004,25930.74,7081.74
20190511,341282005,34071.43,9600.18
20190511,341282006,46011.55,12328.71
20190511,341282007,34704.06,9596.23
20190511,341282008,31354.91,6916.69
20190511,341282009,26336.29,5561.98
20190511,341282010,20864.66,6243.48
20190511,341282011,32339.3,7531.96
20190511,341282013,37012.73,9916.41
20190511,341282014,25109.92,6437.85
20190511,341282015,25998.77,4905.92
20190511,341282016,37659.47,6001.78
20190511,341282019,24807.62,5949.1
20190511,341301001,28119.57,7004.48
20190511,341301002,12876.55,3660.66
20190511,341301003,10103.3,4917.58
20190511,341301004,30469.27,9830.98
20190511,341301005,25747.74,8095.66
20190511,341301006,19309.89,5432.14
20190511,341301007,19347.64,5129.48
20190511,341301009,24569.44,8428.52
20190511,341301010,27800.54,8765.47
20190511,341301011,14948.41,5219.86
20190511,341301012,12608.82,4785.7
20190511,341301013,32301.16,8980.74
20190511,341301014,33666.13,12652.57
20190511,341301015,45708,17785.46
20190511,341301017,22434.26,7090.92
20190511,341301020,30562.26,9028.53
20190511,341301021,23330.72,6872.94
20190511,341301023,42732.41,15790.34
20190511,341301025,43492.7,18260.84
20190511,341301026,43946.94,17035.26
20190511,341301027,52247.83,24391.49
20190511,341301028,42648.08,16151.26
20190511,341301029,32881.11,9310.58
20190511,341301030,30225.75,10149.64
20190511,341301032,40435.62,17579.35
20190511,341301034,32151.36,9221.38
20190511,341301036,19641.4,5489.33
20190511,341301038,26370.24,9363.43
20190511,341301039,21073.14,4580.52
20190511,341301040,49642.18,18433.12
20190511,341301041,26640.99,9863.77
20190511,341321001,21762.49,8778.65
20190511,341321002,17081.83,7527.91
20190511,341321003,19986.15,8602.96
20190511,341321004,43548.51,18458.09
20190511,341321005,32716.49,9373.38
20190511,341321006,31938.24,14803.85
20190511,341321007,52405.66,21574.7
20190511,341321008,20994.09,8061.06
20190511,341321009,28051.23,8438.45
20190511,341321010,15909.53,5161.72
20190511,341321011,24110.34,8222.17
20190511,341321012,29281.36,12131.45
20190511,341321013,34647.3,13311.82
20190511,341321014,41614.09,14794.96
20190511,341321016,17276.4,5827.76
20190511,341321017,28296.66,10217.32
20190511,341321018,32475.55,14293.48
20190511,341321019,34273.36,12637.72
20190511,341321020,19530.3,8471.88
20190511,341321021,34390.62,12968.93
20190511,341321022,27400.86,9670.68
20190511,341321023,15494.73,5182.28
20190511,341322002,60094.6,19021.63
20190511,341322004,26112.78,8984.77
20190511,341322005,34511.02,11916.95
20190511,341322006,44709.16,12919.75
20190511,341322007,28455.87,8199.49
20190511,341322008,20576.05,5858.74
20190511,341322012,18047.44,4639.58
20190511,341322013,27354.11,7087.61
20190511,341322014,32235.82,12950.34
20190511,341322015,40523.56,12044.76
20190511,341322016,19483.98,6282.64
20190511,341322017,31559.48,8746.12
20190511,341322018,19920.93,8579.54
20190511,341322019,18562.89,6532.64
20190511,341322020,18600.93,6726.84
20190511,341322021,18806.35,7300.54
20190511,341322022,24938.69,6912.64
20190511,341322023,38015.8,13943.58
20190511,341322024,18813.98,7600.98
20190511,341322025,19667.2,7379.32
20190511,341322026,32950.43,12690.23
20190511,341323002,26252.92,11700.9
20190511,341323003,29009.43,15009.42
20190511,341323004,32192.73,16723.66
20190511,341323005,37293.82,20166.04
20190511,341323006,39291.55,20582.74
20190511,341323008,29393.77,12209.26
20190511,341323009,31657.01,11642.04
20190511,341323010,42723.37,20823.9
20190511,341323011,32786.92,11478.63
20190511,341323012,34185.4,14276.92
20190511,341323013,39291.35,13650.55
20190511,341323014,29614.82,12545.07
20190511,341323016,23105.03,11659.95
20190511,341323017,25150.06,9657.15
20190511,341323018,37632.28,13130.45
20190511,341323019,35054.14,14863.3
20190511,341323020,26014.64,12739.93
20190511,341324001,31700.04,11467.03
20190511,341324003,35827.16,11526.48
20190511,341324004,33265.9,13371.96
20190511,341324005,58266.85,19626.2
20190511,341324006,38328.13,14664.64
20190511,341324007,44960.05,14881.73
20190511,341324008,27283.42,9201.05
20190511,341324009,38417.61,16347.24
20190511,341324010,39374.25,19199.81
20190511,341324011,37621.45,18128.66
20190511,341324012,41257.16,13522.59
20190511,341324015,14013.31,5161.45
20190511,341501001,20165.21,5043.12
20190511,341501002,21751.06,4112.34
20190511,341501003,26490.98,5146.9
20190511,341501005,21216.89,5764.12
20190511,341501007,26159.38,4459.05
20190511,341501008,22606.8,5880.81
20190511,341501011,27722.33,6212.65
20190511,341501012,37600.42,7244.77
20190511,341501013,42066.55,3227.63
20190511,341501014,28402.41,5234.01
20190511,341501015,56889.92,10829.6
20190511,341501017,27920.66,5306.77
20190511,341501018,41409.11,4365.73
20190511,341501019,22360.63,2876.51
20190511,341501020,44179.63,7528.61
20190511,341501021,44478.75,5694.53
20190511,341501022,25870.99,4530.46
20190511,341501023,50449.24,13022.7
20190511,341501024,31885.2,10702.74
20190511,341501025,25036.38,4334.29
20190511,341501026,18934.42,4562.81
20190511,341501027,23268.39,6020.03
20190511,341501028,26932.47,9812.34
20190511,341501029,19830.35,5150.59
20190511,341522001,26675.03,5723.29
20190511,341522002,25277.61,8978.72
20190511,341522004,41317.33,13651.4
20190511,341522005,53498.1,14391.29
20190511,341522006,37119.89,6647.58
20190511,341522007,40669.43,9848.89
20190511,341522008,30130.08,8820.04
20190511,341522009,30013.76,9860.46
20190511,341522010,28666.64,7609.2
20190511,341522011,31658.79,7272.37
20190511,341522012,44170.87,6106.31
20190511,341522013,37325.97,6703.55
20190511,341522014,25371.39,5275.81
20190511,341522015,44413.74,9446.42
20190511,341522016,25646.18,5449.6
20190511,341522018,23086.22,5543.22
20190511,341523001,57557.16,10025.86
20190511,341523003,27713.26,4523.21
20190511,341523004,22691.92,3378.17
20190511,341523005,42197.98,6157.23
20190511,341523006,23175.37,4316.13
20190511,341523007,17648.14,2557.07
20190511,341523008,20974.07,3365.87
20190511,341523009,30736.25,4902.98
20190511,341523010,34626.31,7731.96
20190511,341523011,25811.83,3503.84
20190511,341523012,33082.53,5464.09
20190511,341523013,45530.47,6996.31
20190511,341523014,12531.87,1832.92
20190511,341523015,27387.46,3955.53
20190511,341523016,22788.75,3949.45
20190511,341523017,36611.22,5867.98
20190511,341523018,37933.36,4268.51
20190511,341523019,31356.74,4444.01
20190511,341523020,32940.75,2666.07
20190511,341523021,22457.55,2824.34
20190511,341523022,34340.98,4527.23
20190511,341523023,27247.77,4175.71
20190511,341523025,32230.35,4169.85
20190511,341523026,25335.67,5743.39
20190511,341523028,5564.09,1182.32
20190511,341524001,19953.65,6430.29
20190511,341524003,11003.39,4271.06
20190511,341524004,31466.2,10224.91
20190511,341524006,25043.63,5241.29
20190511,341524007,22884.98,7518.87
20190511,341524008,28795.54,5537.39
20190511,341524009,21767.96,3641.84
20190511,341524011,48644.52,12218.78
20190511,341524012,23314.29,7470.61
20190511,341524014,25326.14,8134.82
20190511,341524017,17597.77,3914.98
20190511,341524018,7413.3,2226
20190511,341524019,12511.72,5551.87
20190511,341525002,37367.69,5002.36
20190511,341525003,32082.86,6544.06
20190511,341525004,12581.02,1837.24
20190511,341525005,17782.58,2443.94
20190511,341525006,21965.46,3915.32
20190511,341525007,11668.52,1919.42
20190511,341525008,24643.48,5668.9
20190511,341525009,15391.68,2287.14
20190511,341525010,16213.61,3162.35
20190511,341525011,25381.15,2491.44
20190511,341525013,17953.62,3219.23
20190511,341525014,30246.21,5762.93
20190511,341525015,17313.58,2035.29
20190511,341525016,18135.28,2871.03
20190511,341601001,9201.33,2680.05
20190511,341601002,6827.66,3136.34
20190511,341601003,14296.27,5595.45
20190511,341601004,8044.27,2663.82
20190511,341601005,11005.86,4064.69
20190511,341601006,15412.12,7934.72
20190511,341601007,13186.26,4340.81
20190511,341601008,9343.61,3712.56
20190511,341601009,6819.07,2815.21
20190511,341601010,6554.07,4813.87
20190511,341601011,4900.33,2552.09
20190511,341601012,8596.51,4016.23
20190511,341601013,8595.95,3041.72
20190511,341601014,13113.33,7489.82
20190511,341601015,8958.41,3320.03
20190511,341601016,5669.84,2251.72
20190511,341601018,25208.86,6778.65
20190511,341601019,39832.13,12193.98
20190511,341601020,30604.22,6891.49
20190511,341601022,22168.29,7594.05
20190511,341601023,28826.04,7458.92
20190511,341601024,21968.25,7997.78
20190511,341601025,24395.08,6813.15
20190511,341601027,49535.97,12025.78
20190511,341601028,30086.7,8213.22
20190511,341601029,29706.16,9185.44
20190511,341601030,14365.13,5458.35
20190511,341601031,23141.15,7276.66
20190511,341601037,12619.23,7453.67
20190511,341621002,17624.96,6249.84
20190511,341621003,17089.36,6598.53
20190511,341621004,19259.27,7200.7
20190511,341621005,19895.79,7493.53
20190511,341621007,43998.32,14192.45
20190511,341621008,29853.79,7486.22
20190511,341621009,15798.66,6433.79
20190511,341621010,10600.55,4057.17
20190511,341621011,36381.44,6861.96
20190511,341621012,32060.57,9096.95
20190511,341621013,37241.51,7908.11
20190511,341621014,29264.3,6671.23
20190511,341621015,39871.74,8720.97
20190511,341621016,40472.83,12316.05
20190511,341621017,31652.07,7743.99
20190511,341621018,19255.62,8794.56
20190511,341621019,24554.3,9261.03
20190511,341621020,20596.85,4101.98
20190511,341621021,33601.25,11917.51
20190511,341621022,39978.99,10433.4
20190511,341621023,31009.41,9103.05
20190511,341621024,15852.22,5334.64
20190511,341621025,22404.7,5770.18
20190511,341621026,34166.51,10123.64
20190511,341621027,22853.07,5219.07
20190511,341621028,30715.86,10384.81
20190511,341621029,37206.97,8698.53
20190511,341622001,24061.45,5279.36
20190511,341622002,30557.69,6994.38
20190511,341622003,20116.28,6200.75
20190511,341622004,15751.19,3794.43
20190511,341622005,36343.01,7177.2
20190511,341622006,21099.02,6102.18
20190511,341622007,22655.34,5665
20190511,341622008,29044.81,9716.72
20190511,341622009,22416.37,4797.28
20190511,341622010,32611.14,13353.9
20190511,341622012,22481.31,4833.79
20190511,341622013,37684.24,14834.44
20190511,341622014,23704.13,6860.34
20190511,341622015,42150.23,11367.01
20190511,341622016,37223.76,10701.4
20190511,341622017,24206.11,6146.27
20190511,341622018,24051.66,6807.98
20190511,341622019,21861.7,4262.98
20190511,341622020,23236.93,7097.17
20190511,341622021,23469.23,5299.22
20190511,341623001,20510.24,5258.87
20190511,341623002,18136.73,5513.29
20190511,341623003,43202.87,13007.41
20190511,341623005,18736.03,5046.6
20190511,341623006,33086.77,6605.15
20190511,341623008,17376.65,6453.01
20190511,341623009,14349.25,3146.82
20190511,341623010,21384.43,5642.05
20190511,341623011,32291.08,7478.23
20190511,341623012,35475.68,5982.64
20190511,341623013,47836.06,13216.65
20190511,341623014,41741.91,10451.81
20190511,341623015,16762.11,3117.88
20190511,341623016,43010.54,7077.54
20190511,341623017,21100.54,6257.36
20190511,341623018,29353.61,5709.66
20190511,341623019,24523.81,4620.68
20190511,341623020,33818.06,6722.61
20190511,341623021,29223.6,6425.18
20190511,341623022,23306.55,7035.3
20190511,341623023,15377.47,4122.87
20190511,341623024,26019.3,8596.22
20190511,341701002,14883.13,1782.85
20190511,341701005,9169.98,2416.99
20190511,341701007,22249.97,3713.54
20190511,341701008,14995.59,2645.59
20190511,341701009,18636.16,1962.14
20190511,341701011,20960.14,2383.6
20190511,341701012,26372.92,5035.62
20190511,341701013,12665.53,2140.52
20190511,341701014,14055.97,3064.22
20190511,341701015,12920.03,3224.45
20190511,341701016,20031.53,4461.82
20190511,341701017,30037.37,5908.27
20190511,341701018,17385.43,2694.98
20190511,341701019,15434.54,3057.13
20190511,341701020,9471.32,2505.74
20190511,341701021,11001.58,2259.72
20190511,341701022,31105.66,7837.58
20190511,341701023,25082.24,4284.5
20190511,341701024,12462.73,2983.13
20190511,341701025,27483.82,4187.08
20190511,341701026,28991.38,5988.96
20190511,341701027,6161.49,2625.31
20190511,341701028,16164.7,3120.13
20190511,341721002,47859.35,4543.75
20190511,341721004,35931.47,4696.01
20190511,341721005,30331.13,5167.19
20190511,341721006,31246.95,3474.93
20190511,341721007,27532.93,4790.02
20190511,341721008,17410.54,2827.19
20190511,341721009,23840.87,3135.82
20190511,341721010,35212.39,6270.49
20190511,341721011,40576.35,6680.86
20190511,341721012,22249.85,4135.96
20190511,341721013,9389.33,1404.57
20190511,341721014,12549.24,1949.55
20190511,341721015,7340.01,1089.16
20190511,341721016,31063.92,7167.05
20190511,341721017,9125.56,1913.28
20190511,341721018,19992.83,5047.87
20190511,341721019,45682.05,8642.67
20190511,341721020,26346.89,4177.43
20190511,341721021,14029.98,2382.13
20190511,341722002,12060.71,2803.31
20190511,341722003,5707.72,1271.98
20190511,341722004,12186.87,2645.61
20190511,341722005,8145.88,1443.66
20190511,341722006,10795.92,2562.54
20190511,341722007,21002.86,4100.48
20190511,341722008,9881.52,1949.63
20190511,341723001,17769.71,3752.56
20190511,341723003,13040.65,1759.63
20190511,341723004,21675.98,3487.25
20190511,341723005,13967.38,1735.57
20190511,341723006,15738.82,1855.49
20190511,341723007,13091.36,1845.11
20190511,341723008,23708.52,3921.4
20190511,341723009,8216.05,933.72
20190511,341723010,22887.5,3625.16
20190511,341723011,12707.43,2191.69
20190511,341723013,9245.55,1422.06
20190511,341801001,27617.17,5854.41
20190511,341801004,20717.39,3818.4
20190511,341801005,38388.29,11872.59
20190511,341801007,23186.08,6071.78
20190511,341801008,25160.83,4189.73
20190511,341801009,11241.11,2810.7
20190511,341801010,23727.6,5587.28
20190511,341801011,29959.26,6600.23
20190511,341801013,15519.48,2511.2
20190511,341801015,24032.03,6263.17
20190511,341801016,38304.46,6705.48
20190511,341801017,27994.7,5931.3
20190511,341801018,34364.96,7523.35
20190511,341821002,13586.27,3893.92
20190511,341821004,14034.03,2342.9
20190511,341821005,12819.56,2346.73
20190511,341821006,10639.02,1364.97
20190511,341821007,42302.54,7844.41
20190511,341821008,20696.55,5747.62
20190511,341821009,18466.62,3455.12
20190511,341821010,19413.68,5154.11
20190511,341822002,18847.52,5374.68
20190511,341822003,15010.26,3817.06
20190511,341822004,12992.77,4001.85
20190511,341822006,22019.93,6039.25
20190511,341822007,20084.38,5507.49
20190511,341822008,15057.82,5023.54
20190511,341822009,21730.52,5947.7
20190511,341822010,22921.66,6816.52
20190511,341822011,14727.17,5043.98
20190511,341822012,11824.95,3489.89
20190511,341823001,10460.05,1229.95
20190511,341823002,13525.32,2089.33
20190511,341823003,16641.12,2874.87
20190511,341823005,16314.86,2966.65
20190511,341823006,11154.6,1981.41
20190511,341823007,19635.87,2902.32
20190511,341823008,26357.31,3253.72
20190511,341823009,13449.5,1977.7
20190511,341823010,17328.75,3367.11
20190511,341823011,13125.02,1999.51
20190511,341823012,10328.06,1519.74
20190511,341823013,10874.89,2840.71
20190511,341823014,29262.05,6821.81
20190511,341823016,11015.63,3850.29
20190511,341824002,40379.88,12266.82
20190511,341824004,12978.52,2432.39
20190511,341824005,8953.93,1618.19
20190511,341824006,8626.38,1751.2
20190511,341824007,8972.66,1331.12
20190511,341824008,9961.31,1367.31
20190511,341824009,9179.68,1275.77
20190511,341825002,9005.45,1604.95
20190511,341825003,20323.47,3108.2
20190511,341825004,10016.85,2022.67
20190511,341825005,12568.35,3029.6
20190511,341825006,15977.22,2996.51
20190511,341825007,17791.11,3399.29
20190511,341825008,8392.41,2352.07
20190511,341825012,5253.02,1324.67
20190511,341881002,23853.79,4497.15
20190511,341881003,10434.51,2073.14
20190511,341881004,9430.55,2545.83
20190511,341881005,5004.41,1119.09
20190511,341881006,16098.77,5007.59
20190511,341881007,4809.88,1213.23
20190511,341881008,8141.49,2038.35
20190511,341881009,8538.64,1776.79
20190511,341881010,8776.47,2155.28
20190511,341881011,21997.16,6667.39
20190511,341881013,27076.23,5929.23
20190511,341881014,10776.95,2592.3
20190511,341881015,18456.7,7331.42
20190511,341881016,19950.34,5716.67
