#日期,机构,余额,活期余额
20190505,340101011,30528.37,7985.84
20190505,340101012,37709.97,17018.6
20190505,340101015,23156.11,6234.68
20190505,340101016,38024.29,9308.15
20190505,340101017,18463.82,5363.12
20190505,340101018,20762.03,5765.77
20190505,340101021,12451.14,4581.35
20190505,340101023,9517.02,3748.85
20190505,340101024,14767.46,2878.84
20190505,340101025,27689.06,6437.16
20190505,340101028,42114.75,11148.78
20190505,340101029,10193.36,2677.96
20190505,340101031,29566.23,7529.67
20190505,340101032,23740.7,6730.74
20190505,340101034,22540.17,6995.53
20190505,340101036,22129.65,5130.22
20190505,340101037,20425.78,7631.08
20190505,340101038,18529.97,4336.14
20190505,340101039,14113.32,2680.88
20190505,340101040,19368.02,4665.6
20190505,340101042,12698.99,3554.19
20190505,340101043,29659.24,5803.34
20190505,340101044,11053.79,3825.56
20190505,340101045,47022.78,7364.48
20190505,340101047,13630.22,3270.84
20190505,340101049,10480.52,3604.43
20190505,340101050,29568.41,7040.54
20190505,340101051,23691.67,12091.4
20190505,340101052,15358.47,2944.13
20190505,340101053,12473.29,3442.55
20190505,340101054,13755.89,5190.23
20190505,340101057,13579.99,4358.84
20190505,340101059,10852.57,2381.77
20190505,340101061,13639.27,4479.64
20190505,340101062,14618.14,4691.39
20190505,340101064,36158.09,10760.51
20190505,340101065,22197.22,4150.66
20190505,340101066,6404.83,1505.68
20190505,340101067,13572.42,5333.84
20190505,340121001,21134.82,7055.95
20190505,340121003,7234.02,3062.21
20190505,340121004,18340.71,6740.83
20190505,340121005,36954.73,10058.41
20190505,340121007,31710.73,8668.84
20190505,340121008,23170.88,6846.89
20190505,340121009,22411.85,9681.57
20190505,340121010,17081.64,7015.74
20190505,340121011,29323.47,13319.68
20190505,340121017,16789.95,5760.31
20190505,340121018,22963.12,8299.15
20190505,340121020,5949.19,2018.45
20190505,340122001,38690.88,13016.28
20190505,340122002,34051.22,9174.07
20190505,340122003,14519.87,2899.91
20190505,340122004,8335.77,3361.01
20190505,340122005,3498.88,1134.63
20190505,340122006,33177.49,8990.39
20190505,340122007,21298.52,3649.43
20190505,340122008,24943.21,7542.32
20190505,340122009,24056.5,9448.26
20190505,340122011,32160.76,4723.94
20190505,340122012,15839.03,3245.23
20190505,340122013,20163.03,6077.54
20190505,340122014,19663.8,5124.82
20190505,340122015,14331.99,4086.12
20190505,340122016,23518.7,4475.75
20190505,340122017,16009.68,5900.73
20190505,340122018,12675.21,5268.51
20190505,340122019,22759.78,3314.87
20190505,340122020,26874.24,8524.52
20190505,340122021,25187.84,7071.36
20190505,340123001,32714.25,8212.71
20190505,340123005,49116.16,9818.92
20190505,340123006,35093.63,8242.98
20190505,340123007,52271.32,9549.74
20190505,340123008,43115.97,9715.29
20190505,340123010,25736.28,6155.37
20190505,340123011,55232.56,15059
20190505,340123013,43539.6,9838.08
20190505,340123014,24101.6,4812.82
20190505,340123015,34144.03,7517.64
20190505,340123016,36483.36,6880.87
20190505,340123018,35408.35,10212.51
20190505,340123019,33474.06,7200.94
20190505,340124001,19820.04,5080.11
20190505,340124002,44261.46,12041.28
20190505,340124003,24009.25,4441.07
20190505,340124004,35741.46,4376.95
20190505,340124005,32839.53,5429.05
20190505,340124006,23813.9,4939.7
20190505,340124008,32364.9,3351.89
20190505,340124009,43133.18,5733.6
20190505,340124010,11604.2,2341.08
20190505,340124011,30964.76,5729.06
20190505,340124012,23736.09,3345.39
20190505,340124013,18845.52,3201.25
20190505,340124014,32957.97,7804.58
20190505,340124015,27915.7,5106.34
20190505,340124016,27624.66,5212.87
20190505,340124017,19051.84,3779.18
20190505,340124018,29593.19,6120.27
20190505,340124019,17839.49,2150.98
20190505,340124020,4641.01,918.81
20190505,340124021,16633.55,3249.2
20190505,340124022,26611.63,3581.45
20190505,340124023,8908.61,1773.32
20190505,340124024,24895.9,2132.51
20190505,340124025,16783.86,5197.59
20190505,340181003,13105.2,2210.4
20190505,340181004,24044.64,7171.45
20190505,340181005,17417.55,2893.64
20190505,340181006,22132.74,3592.52
20190505,340181007,21923.05,3608.88
20190505,340181008,8396.46,1756.9
20190505,340181009,12461.64,2139.01
20190505,340181010,39105.77,8556.7
20190505,340181011,23948.07,6740.32
20190505,340181012,17298.59,5106.68
20190505,340181013,12652.57,2747.93
20190505,340181016,21007.83,2199.91
20190505,340181017,24360.42,3927.95
20190505,340181018,28710.4,4098.97
20190505,340181020,36617.47,6188
20190505,340181021,25646.84,3468.89
20190505,340181022,21791.05,3783.7
20190505,340181023,21552.46,5257.45
20190505,340181024,13620.74,2691.8
20190505,340181025,17674.95,2080.74
20190505,340181026,15718.47,4408.47
20190505,340201002,8535.77,2082.48
20190505,340201005,12246.82,2552.4
20190505,340201006,11949,2486.88
20190505,340201010,9853.05,2130.14
20190505,340201011,9241.1,1953.42
20190505,340201013,11795.2,2234.95
20190505,340201015,11550.31,2776.62
20190505,340201016,18313.94,3841.97
20190505,340201017,15028.79,4073.21
20190505,340201018,15090.26,2751.92
20190505,340201019,11052.31,1936.24
20190505,340201020,17746.72,4436.53
20190505,340201021,19747.93,5024.06
20190505,340201022,9486.38,1808.01
20190505,340201023,12553.18,2513.07
20190505,340201024,10967.13,2615.6
20190505,340201026,17885.15,5149.08
20190505,340201027,11782.45,2984.68
20190505,340201028,16204.43,3148.11
20190505,340201032,10668.69,3439.02
20190505,340201034,9886.31,2594.57
20190505,340201037,31788.02,4862.36
20190505,340201038,10942.68,2316.47
20190505,340201039,30743.88,9428.83
20190505,340201040,34287.51,6234.52
20190505,340201041,23068.9,4702.64
20190505,340201042,28388.48,6491.84
20190505,340201043,36818.94,7066.21
20190505,340201044,18638.17,4081.09
20190505,340201045,38640.95,8321.17
20190505,340201047,21200.13,6521.7
20190505,340201049,13550.73,3970.49
20190505,340201052,28954.75,6181.99
20190505,340201053,17885.85,3880.23
20190505,340201054,49530.49,10567.03
20190505,340201055,23040.02,4215.3
20190505,340221002,18213.58,5275.45
20190505,340221003,18439.09,4640.74
20190505,340221004,19140.18,5291.86
20190505,340221007,18062.74,4307.47
20190505,340221010,27541.59,8875.52
20190505,340221012,29852.4,4836.26
20190505,340221013,31706.38,8101
20190505,340222002,14858.64,3456.65
20190505,340222003,37346.35,7516.31
20190505,340222005,13168.87,2442.37
20190505,340222007,21502.28,4766.74
20190505,340222009,10109.91,1795.7
20190505,340222010,25934.37,4915.82
20190505,340222011,32244.36,5413.35
20190505,340222012,14686.47,2296.53
20190505,340222016,10819.91,2577.58
20190505,340222017,15395.46,3093.69
20190505,340222022,18204.85,3939.04
20190505,340223002,42931.45,8337.1
20190505,340223003,34129.41,6230.7
20190505,340223004,29809.93,6642.42
20190505,340223005,40525.82,9661.18
20190505,340223006,47792.5,8265.15
20190505,340223008,28249.39,4739.17
20190505,340223009,29220.27,5376.73
20190505,340223010,18054.33,3442.75
20190505,340223011,17185.22,3955.86
20190505,340223012,23661.39,4783.07
20190505,340223013,16898.2,3358.09
20190505,340223014,19607.18,3647.95
20190505,340223017,11146.46,1797.64
20190505,340223018,11701.51,1565.12
20190505,340225001,28208.45,9956.18
20190505,340225002,29766.34,5917.39
20190505,340225004,48111.18,5649.54
20190505,340225006,22974.98,3545.81
20190505,340225007,67293.04,15355.73
20190505,340225008,37665.29,4418.72
20190505,340225009,29821.1,5917.53
20190505,340225010,21330.08,4148.8
20190505,340225011,21801.77,3467.31
20190505,340225012,29543.61,6515.74
20190505,340225013,24385.46,5026.08
20190505,340225014,38292.35,9015.94
20190505,340225015,41495.64,7047.93
20190505,340225016,27474.16,4364.7
20190505,340225017,44472.53,12569.51
20190505,340225018,24712.53,6453.36
20190505,340225019,18992.32,3965.81
20190505,340225020,10769.91,1588.95
20190505,340225021,16244.52,2233.28
20190505,340225022,9756.78,2057.27
20190505,340301002,6936.14,2366.8
20190505,340301003,5872.46,1555.95
20190505,340301004,12444.82,4188.84
20190505,340301007,7725.09,2526.49
20190505,340301008,7450.61,1683.43
20190505,340301009,7206.7,1809.64
20190505,340301010,12586.93,3996.04
20190505,340301011,11359.09,2662.81
20190505,340301013,9969.53,2568.21
20190505,340301014,9340.05,2050.96
20190505,340301015,4071.47,1118.73
20190505,340301016,15310.13,2338.72
20190505,340301017,9533.43,2674.17
20190505,340301018,6451.02,2044.07
20190505,340301019,2258.92,754.87
20190505,340301020,9840.19,2434.95
20190505,340301021,7494.99,1840.55
20190505,340301022,12428.81,4192.39
20190505,340301024,9323.64,3333.81
20190505,340301025,24593.9,8718.62
20190505,340301026,20981.11,4838.65
20190505,340321002,8918,3929.54
20190505,340321003,15382.99,9864.7
20190505,340321004,11846.5,6883.58
20190505,340321005,12393.34,5576.49
20190505,340321006,11628.16,5527.5
20190505,340321007,14292.65,6392.6
20190505,340321008,8966.92,4501.02
20190505,340321009,13129.09,7000.44
20190505,340321010,17760.85,9828.68
20190505,340321011,24868.21,13842.33
20190505,340321012,12943.29,6473.74
20190505,340321013,9585.99,3209.5
20190505,340321014,10400.51,6641.1
20190505,340321015,12278.92,6760.04
20190505,340321016,10036.3,5410.87
20190505,340321018,12778.97,10056.66
20190505,340321019,14777.63,9130.07
20190505,340321020,10414.08,5347.91
20190505,340321021,13113.59,6079.98
20190505,340321023,10642.7,5411.49
20190505,340321024,10141.12,5416.28
20190505,340321025,18564.32,9665.92
20190505,340322001,16246.34,5794.56
20190505,340322002,33173.52,12032.52
20190505,340322003,12043.83,4650.98
20190505,340322004,24290.44,10489.43
20190505,340322005,20517.2,7064.03
20190505,340322006,26712.15,8758.58
20190505,340322007,19284.64,6610.85
20190505,340322008,29752.04,12003.14
20190505,340322010,29321.86,10189.38
20190505,340322011,27110.56,10811.46
20190505,340322012,19540.46,7264.86
20190505,340322013,19071.73,6972.38
20190505,340322015,13341.82,4478.43
20190505,340322016,20626.61,6980.97
20190505,340322017,15826.87,6773.97
20190505,340322021,11042.71,3489.98
20190505,340323001,11314.31,4467.21
20190505,340323002,10648.55,4036.57
20190505,340323003,19219.06,6532.85
20190505,340323006,19552.82,7179.67
20190505,340323007,23068.38,6239.75
20190505,340323008,18228.56,7119.24
20190505,340323009,16586.49,5790.97
20190505,340323010,16278.62,6917.29
20190505,340323011,13551.52,6162.81
20190505,340323012,15027.69,5739.18
20190505,340323013,5976.88,1711.83
20190505,340323014,7769.1,3159.27
20190505,340323015,5182.4,2366.77
20190505,340323016,14541.29,5246.28
20190505,340323017,19277.18,7455.57
20190505,340323018,12766.89,4042.39
20190505,340323019,14226.65,6612.78
20190505,340323020,10829.43,4283.27
20190505,340323021,9214.33,3661.82
20190505,340323022,11750.07,4968.07
20190505,340323023,10529.08,3604.99
20190505,340323024,12928.98,4699.59
20190505,340401002,10043.7,2603.49
20190505,340401004,12839.71,2577.85
20190505,340401005,11917.77,1983.5
20190505,340401006,11187.95,2007.65
20190505,340401007,8207.91,1635.1
20190505,340401009,22297.93,3110.28
20190505,340401010,10493.14,2269.26
20190505,340401011,16972.16,3889.88
20190505,340401012,12429.8,2075.12
20190505,340401013,13192.39,3575.99
20190505,340401014,23997.21,3591.66
20190505,340401015,13771.07,2437.62
20190505,340401016,14657.36,3748.08
20190505,340401017,14998.23,3226.57
20190505,340401018,14574.89,2674.56
20190505,340401019,15763.75,1682.56
20190505,340401020,23339.07,3870.03
20190505,340401021,16574.39,3465.33
20190505,340401022,19854.09,3657.83
20190505,340401026,24775.79,4600.6
20190505,340401028,15393.68,1933.21
20190505,340401029,20127.19,4265.65
20190505,340401031,16569.89,3154.35
20190505,340401032,20444.14,2797.47
20190505,340401033,20103.2,3878.46
20190505,340401035,13520.54,1471.47
20190505,340401036,16223.39,3164.17
20190505,340401038,12007.88,1218.52
20190505,340401040,25903.36,5463.37
20190505,340401041,14194.62,6809.11
20190505,340401042,33645.66,9369.43
20190505,340401043,26252.96,4365.62
20190505,340401047,35906.07,10624.42
20190505,340401048,18958.38,4055.49
20190505,340401049,17870.95,4489.14
20190505,340401051,21121.76,6491.93
20190505,340401052,15415.07,2416.63
20190505,340401053,13957.81,2419.12
20190505,340421002,20196.52,5723.78
20190505,340421003,30015.16,7747.66
20190505,340421004,51763.54,13826.07
20190505,340421005,32082.3,9711.93
20190505,340421006,26699.73,7651.86
20190505,340421007,25126.23,9282.46
20190505,340421008,42938.76,11257.3
20190505,340421009,27423.41,8252.45
20190505,340421010,34529.31,8878.25
20190505,340421012,25395.37,6417.33
20190505,340421013,29959.81,8323.44
20190505,340421014,24439.27,8380.53
20190505,340421015,31884.8,8731.49
20190505,340421016,26819.46,6257.86
20190505,340421017,34520.29,8062.21
20190505,340421019,23899.28,6096.06
20190505,340422101,32896.02,9156.84
20190505,340422102,17991.26,6158.79
20190505,340422103,19202.86,4269.6
20190505,340422105,19929.35,4314.05
20190505,340422106,32128.4,5803.82
20190505,340422107,14284.81,4530.47
20190505,340422108,20589.44,6698.54
20190505,340422109,18138.67,2588.23
20190505,340422110,17973.03,4678.7
20190505,340422111,22738.36,7458.07
20190505,340422112,25488.05,6042.37
20190505,340422113,7849.88,2434.92
20190505,340422114,22856.25,6197.49
20190505,340422115,10180.19,3247.56
20190505,340422117,28645.67,8039.14
20190505,340422118,39033.81,6860.76
20190505,340422119,18299,3691.51
20190505,340422120,21847.28,4666.37
20190505,340422121,39358.04,6164.14
20190505,340422122,27525.08,5705.26
20190505,340422123,12632.39,2303.77
20190505,340422125,18515.89,3680.55
20190505,340422126,28369.63,4708.8
20190505,340422127,14220.37,2582.76
20190505,340422128,35856.15,7015.75
20190505,340422129,13982.62,3597.27
20190505,340501001,6107.19,1214.69
20190505,340501003,14709.25,2610.27
20190505,340501004,10639.22,1364.01
20190505,340501006,5106.87,1104.42
20190505,340501007,8697.14,1555.69
20190505,340501008,6444.96,2031.29
20190505,340501009,19653.42,2823.59
20190505,340501010,9690.26,2446.96
20190505,340501012,8248.49,2014.81
20190505,340501013,7307.15,1100.79
20190505,340501014,19414.13,2451.84
20190505,340501015,8749.1,1424.13
20190505,340501016,4662.68,757.12
20190505,340501017,11182.89,1740.94
20190505,340501019,18881.08,4219.55
20190505,340501020,12671.54,1835.67
20190505,340501021,14774.04,2034.13
20190505,340501023,13334.56,1471.59
20190505,340501025,11127.69,2024.25
20190505,340501029,14495.66,2115.18
20190505,340501030,18961.32,3732.55
20190505,340521001,37180.22,6710.26
20190505,340521003,15006.92,2361.95
20190505,340521004,21733.05,4829.14
20190505,340521006,28959.49,3632.75
20190505,340521010,23253.96,5585.37
20190505,340521011,11777.64,2726.43
20190505,340521012,23237.95,7072.17
20190505,340521013,20852.28,3279.13
20190505,340521014,21002.48,4015.85
20190505,340521017,12763.21,3366.67
20190505,340521019,14879.05,3700.71
20190505,340521020,22583.09,4305.92
20190505,340521021,28812.79,5453.86
20190505,340521022,31819.17,5542.14
20190505,340521023,22601.46,6090.08
20190505,340521024,18319.28,6006.4
20190505,340521025,9884.87,3978.79
20190505,340522001,15738.77,3243.47
20190505,340522003,24658.76,4926.71
20190505,340522004,10830.39,1813.5
20190505,340522006,27191.59,6277.56
20190505,340522007,13551.74,3612.83
20190505,340522008,19049.37,5897.81
20190505,340522009,15529.23,3848.59
20190505,340522010,6930.1,1477.73
20190505,340522011,11112.73,2024.67
20190505,340522013,30487.51,4734.04
20190505,340522015,6550.03,1526.11
20190505,340523001,35149.46,7288.68
20190505,340523002,19192.49,4399.95
20190505,340523004,14825.41,2392.64
20190505,340523005,31623.94,4927.96
20190505,340523006,15842.29,2083.5
20190505,340523007,17570.75,5671.34
20190505,340523008,30512.57,5576.34
20190505,340523009,23426.8,6688.6
20190505,340523010,21353.7,4499.19
20190505,340523012,41814.65,6120.08
20190505,340523013,22095.64,3236.26
20190505,340601002,9873.07,2783.58
20190505,340601003,12254.65,2324.7
20190505,340601006,12047.63,3959.06
20190505,340601007,14604.01,4504.47
20190505,340601008,13862.56,4232.73
20190505,340601009,16023.29,4778.95
20190505,340601010,8812.01,1884.99
20190505,340601011,20395.63,3976.37
20190505,340601013,25890.83,4470.48
20190505,340601016,9275.48,2056.68
20190505,340601017,13224.65,3304.17
20190505,340601018,12891.64,1852.25
20190505,340601019,12678.1,2043.26
20190505,340601020,11463.47,1727.77
20190505,340601021,20429.09,4414.46
20190505,340601023,14417.43,2261.07
20190505,340601024,11972.87,2791.66
20190505,340601026,32833.37,5683.24
20190505,340601027,15676.59,3720
20190505,340601028,12174.75,3220.3
20190505,340601030,21624.13,5577.36
20190505,340601031,26608.1,5663.39
20190505,340601032,27803.01,5347.67
20190505,340601033,32135.36,6324.4
20190505,340601036,43893.78,8270.63
20190505,340621002,19441.81,4599.14
20190505,340621003,18449.68,5400.93
20190505,340621005,32066.87,6359.28
20190505,340621006,32809.06,10205.4
20190505,340621007,50804.6,9460.58
20190505,340621010,10853.68,2071.34
20190505,340621012,35791.24,7482.07
20190505,340621013,40802.86,8661.75
20190505,340621014,30097.44,7748.79
20190505,340621015,31681.07,7424.46
20190505,340621016,50909.19,11480.63
20190505,340621017,13541.98,4164.1
20190505,340621018,44239.07,12930.64
20190505,340621019,49954.56,15827.9
20190505,340621020,22960.42,5703.71
20190505,340621021,31491.54,7621.05
20190505,340621023,42516.19,10028.73
20190505,340621031,28279.98,6160.38
20190505,340621034,19135.47,5363.83
20190505,340701004,4896.93,1375.31
20190505,340701005,11244.16,2365.7
20190505,340701007,23312.11,4507.69
20190505,340701008,13327.54,2524.07
20190505,340701009,11746.63,2507.54
20190505,340701010,12355.7,2696.28
20190505,340701011,9340.6,3001.99
20190505,340701012,8427.92,1624.83
20190505,340701013,14465.41,2125.9
20190505,340701014,6032.09,1429.85
20190505,340701015,36873.06,5590.4
20190505,340701017,14977.11,2434.37
20190505,340701018,19535.13,3087.48
20190505,340701019,5870.8,2110.94
20190505,340701020,11010.87,2335.94
20190505,340701021,25024.1,3536.57
20190505,340701022,7209.21,1657.56
20190505,340701023,6464.27,1083.97
20190505,340701025,17422.25,3758.55
20190505,340701028,13757.99,2383.18
20190505,340701035,16151.84,2642.75
20190505,340701036,25330.27,2963.51
20190505,340701037,10292.06,1423.46
20190505,340701038,25312.62,3495.51
20190505,340701039,16703.91,2002.27
20190505,340701040,14789.88,1804.9
20190505,340701041,26423.23,3298.08
20190505,340701042,27259,3561.77
20190505,340701043,9331.54,1676.25
20190505,340701044,13606.25,1781.79
20190505,340701045,10989.37,1797.82
20190505,340701046,15919.4,1855.56
20190505,340701047,20742.34,3399.95
20190505,340701048,6655.81,1015.21
20190505,340722102,16975.08,1547.5
20190505,340722103,32456.82,5037.28
20190505,340722104,20413.47,2231.68
20190505,340722105,28978.56,3538.42
20190505,340722106,38914.96,3913.95
20190505,340722107,66744.55,7536.94
20190505,340722108,40607.03,4145.14
20190505,340722109,51867.88,4048.27
20190505,340722110,44418.54,3563.61
20190505,340722111,39404.77,3238.22
20190505,340722112,92719.15,10038.57
20190505,340722113,40789.16,4682.03
20190505,340722114,51230,5158.2
20190505,340722115,22971.32,2589.17
20190505,340722116,15773.12,1059.75
20190505,340722118,15980.43,1895.27
20190505,340722119,52627.81,5123.88
20190505,340722121,19255.44,2573.28
20190505,340722122,36826.99,3356.71
20190505,340722123,26197.92,2745.88
20190505,340722124,33730.13,3406.58
20190505,340722125,31453.87,2636.17
20190505,340722126,30714.54,7076.43
20190505,340801003,28803.73,3847.53
20190505,340801004,26801.48,3622.53
20190505,340801005,19381.96,1727.66
20190505,340801006,35389.15,10507.64
20190505,340801007,13612.14,3115.57
20190505,340801012,24728.85,2174.3
20190505,340801013,17130.25,2003.54
20190505,340801015,21760.2,3106.46
20190505,340801016,12001.54,1600.52
20190505,340801017,25111.64,1987.52
20190505,340801018,34313.79,3697.82
20190505,340801019,30151.93,4504.43
20190505,340801020,35647.28,4168.9
20190505,340801021,21538.56,4332.11
20190505,340801022,32212.36,6849.64
20190505,340801023,30486.94,5487.69
20190505,340801024,20337.68,3479.48
20190505,340801025,23685.95,6717.82
20190505,340801032,40389.67,6061.77
20190505,340801033,59187.79,7931.68
20190505,340801034,30940.11,10827.61
20190505,340822002,20238.6,2993.51
20190505,340822003,31573.42,3399.23
20190505,340822004,49090.5,10715.98
20190505,340822005,20915.85,4344.65
20190505,340822006,82540.24,8957.2
20190505,340822007,26015.04,4153.32
20190505,340822008,30139.24,6493.47
20190505,340822009,57204.08,8569.87
20190505,340822010,24429.33,4488.86
20190505,340822013,32889.85,4295.67
20190505,340822014,31139.12,4114.6
20190505,340822015,32474.57,4094.52
20190505,340822016,38000.53,6861.83
20190505,340822018,26904.11,3148.46
20190505,340822019,28112.27,4756.44
20190505,340822020,20157.54,1803.37
20190505,340822022,30180.83,3009.76
20190505,340822023,30153.25,4779.36
20190505,340822025,52693.69,8168.35
20190505,340822026,68052.38,9107.8
20190505,340822028,26460,3449.18
20190505,340822031,9780.11,1171.06
20190505,340824002,35960.99,5608.95
20190505,340824003,23929.91,2093.25
20190505,340824004,29811.75,4305.26
20190505,340824005,42460.59,5718.36
20190505,340824006,42751.03,10301.87
20190505,340824007,9202.1,1316.05
20190505,340824008,20061.74,3909.82
20190505,340824010,18756.08,2757.15
20190505,340824011,36096.29,4344.23
20190505,340824013,34255.22,5856.05
20190505,340824014,21428.53,4498.15
20190505,340824015,23094.41,3849.35
20190505,340824016,26424.49,3643.53
20190505,340824017,17893.01,2645.55
20190505,340824018,20659.14,3460.78
20190505,340824019,29719.95,3823.86
20190505,340824020,21564.45,4370.75
20190505,340824021,20532.9,5064.85
20190505,340825001,25666.11,4605.89
20190505,340825002,27804.48,5649.23
20190505,340825003,14602.43,2353.25
20190505,340825004,33778.05,11748.62
20190505,340825005,14956.89,4237.96
20190505,340825006,17302.76,4832.48
20190505,340825007,17210.75,3234.14
20190505,340825008,13273.53,4181.6
20190505,340825009,22790.51,5219.42
20190505,340825010,14089.89,3841.35
20190505,340825012,38312.12,7237.24
20190505,340825013,11239.09,3291.73
20190505,340825014,41264.09,7913.23
20190505,340825016,32485.23,8674.53
20190505,340825017,26169.76,5968.48
20190505,340826002,41469.46,8941.8
20190505,340826003,33662,5318.46
20190505,340826004,34875.98,5988.91
20190505,340826005,18128.32,3234.05
20190505,340826006,45601.43,10187.11
20190505,340826007,45142.06,10867.92
20190505,340826008,36787.36,9799.4
20190505,340826009,20355.04,5982.66
20190505,340826010,35123.33,8673.64
20190505,340826011,28068.98,6064.74
20190505,340826012,24986.84,5959.44
20190505,340826013,28337.68,7144.63
20190505,340826014,33177.12,6543.95
20190505,340826017,46504.68,9276.23
20190505,340826018,26953.79,7117.16
20190505,340826019,47125.82,9695.79
20190505,340826020,39644.27,10243.59
20190505,340826021,25079.1,4366.01
20190505,340826022,24565.45,4645.99
20190505,340827001,15028.36,2987.51
20190505,340827002,24344.96,4688.68
20190505,340827003,78585.89,10864.22
20190505,340827004,80512.62,11888.15
20190505,340827006,22753.72,4961.75
20190505,340827007,39776.79,4839.67
20190505,340827008,40286.78,7533.65
20190505,340827009,35766.59,6575.03
20190505,340827010,11566.45,1559.41
20190505,340827011,23584.78,4500.34
20190505,340827013,28992.89,4460.47
20190505,340827014,19949.07,4017.88
20190505,340827015,25112.32,5498.65
20190505,340827016,17369.6,4749.88
20190505,340827017,15757.44,2364.56
20190505,340827019,45288.62,5443.01
20190505,340827020,31721.87,5283.55
20190505,340827021,31277.48,4103.33
20190505,340827022,28151.37,6069.24
20190505,340827023,27857.98,4324.12
20190505,340828001,14619.36,3988.86
20190505,340828003,29062.22,5882.32
20190505,340828004,25195.15,9045.67
20190505,340828005,17094.92,5560.64
20190505,340828006,18778.49,5056.47
20190505,340828007,11563.45,2820.47
20190505,340828008,29054.34,5052.48
20190505,340828009,29495.31,5760.62
20190505,340828010,8712.07,2313.69
20190505,340828011,13880.53,4052.45
20190505,340881001,33902.15,5089.79
20190505,340881002,23091.46,3574.18
20190505,340881003,36256.95,5341.73
20190505,340881004,23947,2178.4
20190505,340881005,23536.79,2971.96
20190505,340881007,29516.49,3003.39
20190505,340881008,26679.84,2508.78
20190505,340881009,23894.31,3525.15
20190505,340881010,40036.55,5245.79
20190505,340881012,46786.89,5914.81
20190505,340881013,42000.1,4608.25
20190505,340881014,56415.84,7602.48
20190505,340881015,48330.67,6423.71
20190505,340881016,30325.71,4244.36
20190505,340881017,30298.01,3813.74
20190505,340881018,27857,4217.89
20190505,340881019,27323.8,2406.21
20190505,340881020,18972.12,2571.48
20190505,340881022,42298.97,4584.69
20190505,341001003,12558.93,3741.25
20190505,341001004,9265.35,2096.21
20190505,341001005,9810.73,2243.85
20190505,341001006,18598.97,2897.7
20190505,341001007,11446.25,2520.91
20190505,341001015,9130.79,1384.65
20190505,341003004,10341.24,1577.2
20190505,341003006,7630.39,1131.43
20190505,341003007,9754.94,1331.17
20190505,341003008,13028.46,2487.37
20190505,341003011,6430.34,841.51
20190505,341003012,6480.89,929.51
20190505,341003013,4213.15,794.81
20190505,341003014,3775.7,651.5
20190505,341003015,12642.61,1503.39
20190505,341003016,8666.77,1198.86
20190505,341003017,12470.06,2243.09
20190505,341003018,16239.45,2347.96
20190505,341003019,9666.27,1400.66
20190505,341003020,4232.75,456.82
20190505,341003022,5473.78,1442.31
20190505,341003023,3302.95,443.89
20190505,341021001,14258.06,1619.73
20190505,341021003,22526.06,3565.77
20190505,341021004,12118.97,1722.44
20190505,341021005,11109.44,1533.37
20190505,341021007,11794.53,1907.18
20190505,341021008,9356.17,1558.86
20190505,341021009,12304.73,1266.24
20190505,341021010,7844.86,851.18
20190505,341021011,21485.38,3460.52
20190505,341021012,22932.7,2890
20190505,341021013,6037.01,778.93
20190505,341021014,10284.8,1159.14
20190505,341021015,10522.71,1529.03
20190505,341021016,4939.19,772.32
20190505,341021017,16699.11,2234.92
20190505,341021018,16635.67,2631.1
20190505,341021019,19114.46,1961.38
20190505,341021022,15404.11,1907.3
20190505,341021024,3691.69,600.5
20190505,341021025,18559.85,2823.1
20190505,341021026,7558.72,819.23
20190505,341022003,8119.52,1176.2
20190505,341022004,10294.38,1404.41
20190505,341022005,14713.58,1078.37
20190505,341022006,14746.49,1623.27
20190505,341022008,6617.09,989.58
20190505,341022009,8837.12,964.61
20190505,341022010,11122.57,964.93
20190505,341022011,7385.94,1081.05
20190505,341022012,16921.37,2026.15
20190505,341022013,10499.43,1143.73
20190505,341022014,11587.54,1861
20190505,341023001,8368.36,1757.76
20190505,341023003,6124.3,1327.49
20190505,341023004,9978.58,1551.55
20190505,341023005,2718.51,373.82
20190505,341023006,3984.37,534.63
20190505,341023007,5327.65,1132.29
20190505,341024003,11319.33,835.71
20190505,341024004,11775.51,1186.36
20190505,341024005,14200.24,1736.71
20190505,341024006,19409.65,1875.41
20190505,341024007,18240.96,1683.95
20190505,341024008,11183.95,1579.76
20190505,341024009,16310.11,1889.98
20190505,341024010,9137.42,553.97
20190505,341101003,18186.76,3480.57
20190505,341101004,12755.56,2346.59
20190505,341101005,45337.32,8141.88
20190505,341101006,18853.9,2877.39
20190505,341101008,21376.32,3087.49
20190505,341101010,21148.56,4879.18
20190505,341101011,12637.25,2842.69
20190505,341101012,17735.55,3201.88
20190505,341101013,20299.56,3738.49
20190505,341101014,19268.78,4000.3
20190505,341101018,17128,2844.75
20190505,341101019,21869.49,4611.74
20190505,341122002,17582.85,3538.65
20190505,341122003,22176.78,4214.94
20190505,341122004,21022.95,4792.24
20190505,341122005,21671.99,9222.39
20190505,341122006,17921.88,2916.87
20190505,341122007,25106.2,3702.69
20190505,341122008,27345.32,7028.1
20190505,341122009,34116.4,5460.06
20190505,341122011,27462.86,3111.09
20190505,341124002,9509.78,2178.85
20190505,341124003,26973.91,6982.69
20190505,341124004,23246.6,4063.01
20190505,341124005,18595.26,3052.34
20190505,341124007,9200.63,2270.72
20190505,341124008,14640.4,3404.66
20190505,341124009,13618.15,3235.7
20190505,341124010,9978.79,2341.37
20190505,341124011,15078.31,2501.71
20190505,341124012,12861.36,4447.57
20190505,341124013,26049.54,4469.26
20190505,341125002,28014.08,10592.19
20190505,341125003,20581.66,6507.71
20190505,341125004,24057.4,5901.73
20190505,341125005,19926.66,5805.5
20190505,341125006,31083.91,6414.76
20190505,341125008,16028.66,4433.49
20190505,341125009,29338.09,7623.33
20190505,341125010,12574.19,3729.76
20190505,341125011,11894.4,3209.41
20190505,341125012,18870.27,7090.66
20190505,341125013,10334.3,3727.47
20190505,341126002,39298.75,15591.91
20190505,341126003,14473.14,11561.13
20190505,341126005,26058.21,7837.61
20190505,341126006,23909.9,11893.98
20190505,341126007,18876.86,5533.26
20190505,341126008,25790.59,9348.2
20190505,341126009,25712.2,10303.45
20190505,341126010,22412.92,7306.94
20190505,341126012,13541.57,3809.95
20190505,341181001,28784.86,4822.21
20190505,341181002,53336.79,10722.52
20190505,341181003,20885.63,5660.33
20190505,341181004,28164.66,6172.27
20190505,341181005,22886.01,4158.5
20190505,341181006,26047.77,5142.37
20190505,341181008,17236.5,3183.08
20190505,341181009,38401.53,12867.7
20190505,341181010,33046.76,5107.97
20190505,341181012,15471.69,3614.31
20190505,341181013,33006.01,5252
20190505,341181014,25546.66,3884.1
20190505,341182002,7747.25,1524.94
20190505,341182003,17543.28,5385.33
20190505,341182004,14750.32,2607.96
20190505,341182005,13384.9,3731.54
20190505,341182006,18600.89,4690.25
20190505,341182007,14630.08,5259.79
20190505,341182008,7782.54,2708.77
20190505,341182009,16937.71,5160.78
20190505,341182010,28468.71,6487.76
20190505,341182011,6162.81,854.29
20190505,341182013,19907.53,5284.57
20190505,341182014,18409.97,5329.15
20190505,341182015,20219.03,6781.25
20190505,341182016,10410.33,3244.01
20190505,341201001,21726.17,7004.39
20190505,341201002,12541.22,3528.49
20190505,341201003,11247.17,4404.68
20190505,341201004,21529.68,6182.1
20190505,341201005,30707.61,5628.8
20190505,341201007,13949.5,3343
20190505,341201008,18926.93,5017.64
20190505,341201009,24770.55,6288.51
20190505,341201011,14324.93,4594.4
20190505,341201012,29484.03,9613.4
20190505,341201013,24347.3,6079.92
20190505,341201014,11011.76,3610.19
20190505,341201015,20936.02,5999.62
20190505,341201016,18509.87,4303.82
20190505,341201017,20921.83,6035.8
20190505,341201018,21265.54,4998.25
20190505,341201019,21112.88,8485.64
20190505,341201020,32831.04,7042.69
20190505,341201021,20967.19,4782.99
20190505,341201023,34390.05,7053.21
20190505,341201025,34348.88,8694.61
20190505,341201026,25983.74,5283.67
20190505,341201027,31795.61,6150.7
20190505,341201028,34601.26,6714.27
20190505,341201030,44315.14,8793.22
20190505,341201031,19897.74,4118.97
20190505,341201032,19044.09,3984.4
20190505,341201033,31591.68,6273.33
20190505,341201034,28528.78,5772.33
20190505,341201035,13015.73,5514.71
20190505,341201037,16990.59,7726.42
20190505,341201038,21167.23,8608.23
20190505,341201042,34170.95,7939.97
20190505,341221001,47942.24,12669.9
20190505,341221002,37875.3,12155.7
20190505,341221003,37755.95,10620.14
20190505,341221004,44689.37,12098.02
20190505,341221005,38782.21,9998.25
20190505,341221006,40289.78,11169.75
20190505,341221007,45936.68,12218.87
20190505,341221008,37397.14,9749.94
20190505,341221009,33670.78,11687.31
20190505,341221010,52147.4,12774.53
20190505,341221011,34457.98,8386.21
20190505,341221012,71350.08,21392.77
20190505,341221013,49094.53,14986.8
20190505,341221015,31107.72,8432.58
20190505,341221016,33698.9,8627.28
20190505,341221017,35861.53,12140.28
20190505,341221018,36565.61,8478.74
20190505,341221019,54352.94,15743.55
20190505,341221020,33966.08,7191.4
20190505,341221021,40202.46,9549.3
20190505,341221022,31368.58,10130.58
20190505,341221023,37531.64,10146.24
20190505,341221024,22516.41,6426.27
20190505,341221025,20957.68,7042.01
20190505,341221026,38545.64,10002.16
20190505,341221027,41099.67,11124.52
20190505,341221028,30787.49,9186.13
20190505,341222001,25879.65,9999.77
20190505,341222002,18855.44,6030.45
20190505,341222003,36618.06,10777.28
20190505,341222004,10707.46,3973.1
20190505,341222005,24854.98,7713.01
20190505,341222006,15385.53,4913.13
20190505,341222007,36233.67,9054.69
20190505,341222009,31418.63,10014.95
20190505,341222010,57819.25,7946.55
20190505,341222011,68929.29,10604.32
20190505,341222012,47876.21,7932.18
20190505,341222013,51656.51,9981.42
20190505,341222014,74214.69,14673.41
20190505,341222015,47291.71,10525.58
20190505,341222016,53918.16,11479.86
20190505,341222017,42335.64,9930.31
20190505,341222018,48604.44,16816.32
20190505,341222019,72182.01,14308.13
20190505,341222020,34738.91,7633.5
20190505,341222021,44668.61,7892.84
20190505,341222022,43817.8,5900.84
20190505,341222023,32777.5,10153.18
20190505,341222024,48320.82,8845.77
20190505,341222025,51425.06,11015.26
20190505,341222026,43935.31,12244.78
20190505,341222027,38352.54,8435.04
20190505,341222028,28433.19,10143.6
20190505,341222029,34651.7,8029.7
20190505,341222030,38529.85,6663
20190505,341222031,32198.83,5709.98
20190505,341222035,26375.8,7053.28
20190505,341225001,19484.9,5804.25
20190505,341225002,21263.61,6464.76
20190505,341225003,21301.47,5703.63
20190505,341225004,30386.29,8243.93
20190505,341225005,13288.2,3965.13
20190505,341225006,48688.51,14504.74
20190505,341225008,30288.62,8802.99
20190505,341225009,33015.97,8974.53
20190505,341225011,30421.61,7342.28
20190505,341225012,26595.33,9309.01
20190505,341225013,50289.25,15156.84
20190505,341225014,34092.39,10944.65
20190505,341225015,49326.21,13756.81
20190505,341225016,32256.66,8360.17
20190505,341225017,33033.78,9585.25
20190505,341225018,59216.05,12795.51
20190505,341225019,27349.75,5528.64
20190505,341225020,29234.43,6500.71
20190505,341225021,36558.29,9382.52
20190505,341225023,19682.24,6893.46
20190505,341225027,20160.17,5288.48
20190505,341226001,26429.25,9584.66
20190505,341226002,42137.91,13124.16
20190505,341226004,27814.01,10671.73
20190505,341226005,36922.59,8899.1
20190505,341226006,26604.58,6858.17
20190505,341226007,22903.04,4843.59
20190505,341226008,23889.59,5825.72
20190505,341226009,31215.72,9335.63
20190505,341226011,23346.93,5998.46
20190505,341226012,26242.39,4743.04
20190505,341226013,18681.4,6201.17
20190505,341226014,26178.93,6615.08
20190505,341226015,27448.56,6613.71
20190505,341226016,24289.5,8600.46
20190505,341226017,18588.54,4080.76
20190505,341226018,28990.92,7268.69
20190505,341226019,30652.28,8081.24
20190505,341226020,21996.15,4438.74
20190505,341226021,31032.23,9401.85
20190505,341226022,25869.07,9479.63
20190505,341226023,12028.49,4910.9
20190505,341226026,16196.76,5956.06
20190505,341282001,21642.1,4774.53
20190505,341282002,21147.09,5173.75
20190505,341282003,34281.63,10105.15
20190505,341282004,26004.09,7135.79
20190505,341282005,34227.81,9619.21
20190505,341282006,45426.09,11840.94
20190505,341282007,34727.4,9597.68
20190505,341282008,31450.84,6923.82
20190505,341282009,26138.85,5440.52
20190505,341282010,20859.05,6212.49
20190505,341282011,32399.67,7483.23
20190505,341282013,36988.9,9930.33
20190505,341282014,25078.27,6424.26
20190505,341282015,26030.85,4952.89
20190505,341282016,37813.47,6085.26
20190505,341282019,24706.25,5856.18
20190505,341301001,28205.46,7035.31
20190505,341301002,12997.92,3750.34
20190505,341301003,10120.86,4892.86
20190505,341301004,30653.3,9970.19
20190505,341301005,25712.85,8116.8
20190505,341301006,19283.49,5376.66
20190505,341301007,19445.17,5193.93
20190505,341301009,24554.2,8437.41
20190505,341301010,27823.84,8750.95
20190505,341301011,15074.66,5373.61
20190505,341301012,12775.67,4929.82
20190505,341301013,32283.85,9075.2
20190505,341301014,33753.45,12700.43
20190505,341301015,45709,17729.44
20190505,341301017,22410.86,7092.8
20190505,341301020,30691.17,9126.11
20190505,341301021,23409.49,6963.23
20190505,341301023,42786.78,15917.62
20190505,341301025,43735.89,18406.47
20190505,341301026,44121.54,17211.61
20190505,341301027,52392.02,24583.85
20190505,341301028,42585.72,16084.01
20190505,341301029,32913.91,9339.71
20190505,341301030,30191.48,10150.11
20190505,341301032,40693.19,17816.49
20190505,341301034,32105.84,9248.46
20190505,341301036,19836.02,5626.92
20190505,341301038,26503.89,9476.75
20190505,341301039,20948.21,4519.24
20190505,341301040,49729.81,18597.4
20190505,341301041,26675.76,9862.69
20190505,341321001,22092.56,9129.02
20190505,341321002,16979.35,7425.7
20190505,341321003,19946.67,8501.53
20190505,341321004,43611.88,18487.57
20190505,341321005,32760.47,9437.11
20190505,341321006,32176.72,14990.94
20190505,341321007,52576.42,21777.11
20190505,341321008,20912.85,7999.79
20190505,341321009,27551.88,8229.34
20190505,341321010,15933.15,5223.87
20190505,341321011,24170.69,8241.59
20190505,341321012,29354.09,12132.36
20190505,341321013,34589.86,13270.94
20190505,341321014,41900.97,14985.92
20190505,341321016,17354.9,5842.47
20190505,341321017,28504.54,10309.51
20190505,341321018,32469.04,14338.53
20190505,341321019,34433.14,12656.43
20190505,341321020,19468.85,8395.81
20190505,341321021,34502.79,13037.97
20190505,341321022,27252.75,9614.57
20190505,341321023,15291.75,5228.31
20190505,341322002,60318.7,19045.45
20190505,341322004,26186.72,9089.04
20190505,341322005,34320.45,11716.22
20190505,341322006,44752.05,13025.69
20190505,341322007,28384.57,8217.64
20190505,341322008,20504.8,5861.55
20190505,341322012,18430.43,5035.91
20190505,341322013,27376.35,7096.2
20190505,341322014,32305.74,13043.36
20190505,341322015,40664.39,12116.15
20190505,341322016,19386.15,6254.66
20190505,341322017,31590.07,8767.69
20190505,341322018,20071.13,8771.86
20190505,341322019,18961.21,6915.26
20190505,341322020,18748.01,6781.81
20190505,341322021,18811,7488.72
20190505,341322022,24962.06,6973.09
20190505,341322023,37992.83,13988.74
20190505,341322024,18685.35,7455.51
20190505,341322025,19937.64,7643.17
20190505,341322026,32535.68,12310.61
20190505,341323002,26386.01,11750.16
20190505,341323003,29190.13,15172.83
20190505,341323004,32381.94,16932.78
20190505,341323005,37530.59,20396.76
20190505,341323006,39509.81,20791.47
20190505,341323008,29408.56,12241.45
20190505,341323009,31865.55,11800.01
20190505,341323010,42861.05,20988.33
20190505,341323011,33058.19,11734.8
20190505,341323012,34484.23,14533.84
20190505,341323013,39380.19,13756.57
20190505,341323014,29813.17,12690.32
20190505,341323016,23276.54,11787.95
20190505,341323017,25062.43,9586.17
20190505,341323018,37763.43,13266.91
20190505,341323019,35106.74,14963.04
20190505,341323020,25915.39,12639.28
20190505,341324001,31693.17,11480.73
20190505,341324003,36033.14,11638.08
20190505,341324004,33393.38,13517.02
20190505,341324005,58734.02,20045.71
20190505,341324006,38363.7,14725.27
20190505,341324007,45060.66,15041.01
20190505,341324008,27431.99,9309.33
20190505,341324009,38524.13,16533.63
20190505,341324010,39562.85,19399.56
20190505,341324011,37493.34,18044.36
20190505,341324012,41520.61,13784.48
20190505,341324015,13920.8,5073.67
20190505,341501001,20111.18,4982.9
20190505,341501002,21867.95,4222.77
20190505,341501003,26650.75,5276.57
20190505,341501005,21093.56,5572.15
20190505,341501007,26212.55,4487.5
20190505,341501008,22869.84,6096.11
20190505,341501011,27853.71,6363.41
20190505,341501012,37816.56,7435.55
20190505,341501013,42246.4,3312.21
20190505,341501014,28710.26,5521.95
20190505,341501015,56974.6,10876.44
20190505,341501017,28042.13,5389.47
20190505,341501018,41430.84,4316.39
20190505,341501019,22454.24,2875.7
20190505,341501020,44362.76,7688.4
20190505,341501021,44796.95,5938.26
20190505,341501022,26083.46,4564.51
20190505,341501023,50690.92,13348.14
20190505,341501024,32252.53,10902.63
20190505,341501025,25101.97,4379.49
20190505,341501026,19102.22,4757.67
20190505,341501027,23068.53,5894.83
20190505,341501028,26916.99,9732.49
20190505,341501029,19782.51,5017.96
20190505,341522001,26183.53,5404.98
20190505,341522002,25589.69,9183.33
20190505,341522004,41589.6,13706.76
20190505,341522005,53453.8,14318.32
20190505,341522006,37150.68,6746.89
20190505,341522007,40990.45,9993.64
20190505,341522008,30311.4,8943.85
20190505,341522009,30192.98,10013.94
20190505,341522010,28623.23,7639.66
20190505,341522011,31653.87,7251.39
20190505,341522012,44189.46,6117.49
20190505,341522013,37294.82,6506
20190505,341522014,25285.67,5111.04
20190505,341522015,44662.38,9640.35
20190505,341522016,25766.33,5562.34
20190505,341522018,23192.09,5669.7
20190505,341523001,57465.43,9907.78
20190505,341523003,27806.62,4667.79
20190505,341523004,22815.29,3274.64
20190505,341523005,42391.09,6275.59
20190505,341523006,23387.93,4602.8
20190505,341523007,17719.19,2636.17
20190505,341523008,21191.89,3586.58
20190505,341523009,30942.52,4933.72
20190505,341523010,34727.43,7896.9
20190505,341523011,26105.32,3731.48
20190505,341523012,33260.89,5606.38
20190505,341523013,45938.03,7257.15
20190505,341523014,12586.28,1937.28
20190505,341523015,27619.6,4019.87
20190505,341523016,22831.55,4000.53
20190505,341523017,36568.75,5927.03
20190505,341523018,37961.8,4419.56
20190505,341523019,31485.2,4452.38
20190505,341523020,32983.09,2683.7
20190505,341523021,22488.38,2752.68
20190505,341523022,34393.35,4482.03
20190505,341523023,27365.51,4230.29
20190505,341523025,32234.12,4176.56
20190505,341523026,25478.38,5902
20190505,341523028,5449.68,1099.57
20190505,341524001,19848.99,6298.41
20190505,341524003,11020.43,4279.88
20190505,341524004,31525.23,10295.24
20190505,341524006,25315.18,5483.49
20190505,341524007,22987.55,7594
20190505,341524008,28886.96,5695.75
20190505,341524009,21936.92,3733.39
20190505,341524011,48580.12,12176.33
20190505,341524012,23417.25,7550.2
20190505,341524014,25456.44,8225.01
20190505,341524017,17670.4,3963.86
20190505,341524018,7515.03,2282.72
20190505,341524019,12667.57,5693.22
20190505,341525002,37482.34,5076.71
20190505,341525003,32125.15,6506.29
20190505,341525004,12668.84,1828.75
20190505,341525005,17898.91,2561.08
20190505,341525006,22258.89,4180.15
20190505,341525007,11453.09,1882.97
20190505,341525008,24629.95,5741.95
20190505,341525009,15533.21,2380.42
20190505,341525010,16141.3,3191.12
20190505,341525011,25415.9,2541.53
20190505,341525013,18128.65,3366.25
20190505,341525014,30245.61,5845.62
20190505,341525015,17326.68,2053.52
20190505,341525016,18352.16,2912.94
20190505,341601001,9235.69,2680.59
20190505,341601002,6426.59,2706.88
20190505,341601003,14458.67,5609.91
20190505,341601004,7992.64,2654.78
20190505,341601005,11217.76,4215.94
20190505,341601006,15474.49,7958.59
20190505,341601007,13247.05,4405.3
20190505,341601008,9448.87,3790.7
20190505,341601009,6822.62,2875.49
20190505,341601010,6423.84,4638.44
20190505,341601011,4938.13,2563.91
20190505,341601012,8814.58,4200.18
20190505,341601013,8658.53,3082.74
20190505,341601014,13052.76,7442.73
20190505,341601015,9067.54,3275.65
20190505,341601016,5733.91,2321.94
20190505,341601018,25266.38,6763.78
20190505,341601019,39869.2,12295.91
20190505,341601020,30593.52,6894.64
20190505,341601022,22395.63,7742.06
20190505,341601023,29227.6,7671.14
20190505,341601024,22009.74,8089.27
20190505,341601025,24456.26,6844.6
20190505,341601027,49624.84,12018.64
20190505,341601028,30166.03,8278.63
20190505,341601029,29732.4,9179.56
20190505,341601030,14570.61,5636.01
20190505,341601031,23200.72,7344.71
20190505,341601037,12739.48,7581.43
20190505,341621002,17676.2,6310.3
20190505,341621003,17284.76,6785.31
20190505,341621004,19450.72,7314.55
20190505,341621005,19811.57,7423.87
20190505,341621007,44166.1,14396.44
20190505,341621008,29929.22,7584.04
20190505,341621009,15959.61,6648.32
20190505,341621010,10703.47,4175.74
20190505,341621011,36334.05,6870.98
20190505,341621012,32104.71,9144.16
20190505,341621013,37277.73,7910.39
20190505,341621014,29217.81,6622.53
20190505,341621015,39652.92,8589.04
20190505,341621016,40528.73,12336.46
20190505,341621017,31623.35,7708.18
20190505,341621018,19364.82,8939.89
20190505,341621019,24738.35,9426.21
20190505,341621020,20681,4130.09
20190505,341621021,33687.73,11974.25
20190505,341621022,40019.81,10553.55
20190505,341621023,30871.49,8972.94
20190505,341621024,15946.29,5504.04
20190505,341621025,22310.04,5675.72
20190505,341621026,34207.52,10166.07
20190505,341621027,22954.88,5284.17
20190505,341621028,30729.07,10389.86
20190505,341621029,37227.53,8678.33
20190505,341622001,24184.31,5404.65
20190505,341622002,30553.57,7136.38
20190505,341622003,20180.68,6226.88
20190505,341622004,15750.06,3836.57
20190505,341622005,36872.84,7371.04
20190505,341622006,21014.53,6289.52
20190505,341622007,22782.21,5856.63
20190505,341622008,29116.74,9842.31
20190505,341622009,22379.08,4804.75
20190505,341622010,32802.69,13456
20190505,341622012,22487.6,4923.16
20190505,341622013,37775.93,14831.31
20190505,341622014,23636.2,6808.32
20190505,341622015,41971.75,11305.63
20190505,341622016,37296.8,10830.79
20190505,341622017,24244.68,6174.39
20190505,341622018,24068.87,6830.84
20190505,341622019,21886.89,4292.41
20190505,341622020,23200.49,7113.85
20190505,341622021,23616.43,5426.87
20190505,341623001,20733.82,5438.75
20190505,341623002,18190.61,5615.51
20190505,341623003,43246.68,12949.31
20190505,341623005,18794.28,5038.85
20190505,341623006,33033.43,6555.65
20190505,341623008,17405.9,6496.19
20190505,341623009,14392.47,3153.78
20190505,341623010,21386.25,5643.85
20190505,341623011,32237.86,7399.9
20190505,341623012,35334.8,6000.44
20190505,341623013,47738.35,13070.02
20190505,341623014,41599.46,10380.2
20190505,341623015,16743.59,3123.06
20190505,341623016,43102.14,7175.98
20190505,341623017,21196.7,6315.79
20190505,341623018,29292.28,5791.15
20190505,341623019,24558.07,4592.75
20190505,341623020,33925.73,6815.25
20190505,341623021,28960.79,6229.56
20190505,341623022,23429.7,7127.95
20190505,341623023,15428.97,4262.13
20190505,341623024,26074.3,8798.36
20190505,341701002,14805.46,1715.51
20190505,341701005,9218.93,2464.83
20190505,341701007,22123.21,3548.53
20190505,341701008,15126.79,2793.3
20190505,341701009,18700.59,2003.89
20190505,341701011,20900.79,2322.47
20190505,341701012,26418.8,5132.49
20190505,341701013,12748.31,2223.04
20190505,341701014,14021.21,3086.39
20190505,341701015,12893.48,3192.84
20190505,341701016,20545.55,4596.98
20190505,341701017,30206.45,6087.88
20190505,341701018,17440.39,2745.37
20190505,341701019,15340.68,3049.41
20190505,341701020,9476.05,2506.22
20190505,341701021,11019.47,2265.89
20190505,341701022,30844.22,7584.05
20190505,341701023,25204.24,4294.37
20190505,341701024,12555.29,3074
20190505,341701025,27521.75,4203.03
20190505,341701026,29058.8,6133.3
20190505,341701027,6269.86,2742.02
20190505,341701028,16144.95,3192.74
20190505,341721002,47846.67,4588.1
20190505,341721004,35968.57,4681.18
20190505,341721005,30324.36,5176.9
20190505,341721006,31177.67,3478.78
20190505,341721007,27464.92,4712.43
20190505,341721008,17376.2,2777.92
20190505,341721009,23747.01,3104.76
20190505,341721010,35480.6,6386.52
20190505,341721011,40678.59,6750.96
20190505,341721012,22379.32,4206.79
20190505,341721013,9460.97,1455.38
20190505,341721014,12599.25,1978.68
20190505,341721015,7332.06,1123.2
20190505,341721016,31056.99,7255.61
20190505,341721017,9105.89,1929.95
20190505,341721018,20092.31,5204.31
20190505,341721019,45985.27,8975.98
20190505,341721020,26378.98,4195.74
20190505,341721021,14007.27,2383.05
20190505,341722002,12209.84,2948.67
20190505,341722003,5716.45,1280.99
20190505,341722004,12281.52,2721.62
20190505,341722005,8153.52,1484.81
20190505,341722006,10946.5,2650.2
20190505,341722007,21017.88,4116.03
20190505,341722008,9911.75,1966.36
20190505,341723001,17863.16,3836.94
20190505,341723003,13017.76,1729.1
20190505,341723004,21695.59,3519.63
20190505,341723005,13975.7,1778.48
20190505,341723006,15777.26,1848.04
20190505,341723007,13019.8,1827.62
20190505,341723008,23782.87,4030.09
20190505,341723009,8175.95,911.78
20190505,341723010,22778.6,3469.39
20190505,341723011,12787.97,2200.86
20190505,341723013,9276.62,1428.58
20190505,341801001,27799.18,6016.52
20190505,341801004,20605.28,3835.73
20190505,341801005,38519.03,11990.5
20190505,341801007,22951.36,5923.4
20190505,341801008,25114.87,4109.85
20190505,341801009,11156.13,2726.32
20190505,341801010,24313.25,6303.42
20190505,341801011,30024.13,6623.28
20190505,341801013,15471.26,2514.16
20190505,341801015,24211.66,6420.75
20190505,341801016,38300.45,6803.9
20190505,341801017,28044.9,6105.35
20190505,341801018,34201.8,7446.03
20190505,341821002,13501.81,3820.13
20190505,341821004,13989.54,2327.1
20190505,341821005,12736.32,2298.64
20190505,341821006,11126.54,1892.1
20190505,341821007,42189.46,7888.1
20190505,341821008,20450.97,5468.79
20190505,341821009,18408.6,3403.85
20190505,341821010,19378.02,5095.47
20190505,341822002,18937.46,5568.35
20190505,341822003,15108.56,3922.43
20190505,341822004,12991.46,4028.18
20190505,341822006,21842.19,5954.6
20190505,341822007,19886.31,5470.84
20190505,341822008,14740.54,4774.66
20190505,341822009,21513.62,5842.72
20190505,341822010,22865.79,6683.06
20190505,341822011,14452.55,5007.32
20190505,341822012,11858.5,3509.88
20190505,341823001,10383.96,1180.53
20190505,341823002,13715.14,2299.38
20190505,341823003,16509.39,2802.93
20190505,341823005,16368.06,2965.81
20190505,341823006,11213.41,2043.13
20190505,341823007,19459.84,2775.25
20190505,341823008,26311.14,3268.72
20190505,341823009,13343.17,1932.21
20190505,341823010,17371.32,3337.36
20190505,341823011,13240.29,2019.3
20190505,341823012,10344.51,1525.49
20190505,341823013,10945.39,2939.8
20190505,341823014,29222.94,6813.2
20190505,341823016,11062.66,3812.93
20190505,341824002,39237.17,11168.26
20190505,341824004,12884.92,2386.61
20190505,341824005,8958.01,1621.77
20190505,341824006,8693.98,1765.74
20190505,341824007,9048.66,1374.33
20190505,341824008,9922.34,1390.83
20190505,341824009,9125.13,1217.05
20190505,341825002,9095.85,1557.22
20190505,341825003,20382.44,3134.07
20190505,341825004,10040.73,2065.42
20190505,341825005,12537.75,2951.95
20190505,341825006,16045.57,3030.2
20190505,341825007,18075.69,3518.02
20190505,341825008,8502.01,2455.49
20190505,341825012,5168.46,1292.37
20190505,341881002,23732.84,4386.58
20190505,341881003,10409.94,2083.57
20190505,341881004,9369.5,2474.18
20190505,341881005,5014.27,1134.87
20190505,341881006,16182.95,5054.56
20190505,341881007,4892.91,1263.01
20190505,341881008,8473.73,2206.73
20190505,341881009,8628.2,1849.38
20190505,341881010,8703.96,2081.28
20190505,341881011,21759.88,6422.16
20190505,341881013,27199.61,5964.78
20190505,341881014,10690.43,2635.92
20190505,341881015,17886.74,6834.06
20190505,341881016,20173.38,6101.91
