#日期,机构,余额,活期余额
20190513,340101011,30729.92,8046.37
20190513,340101012,37966.4,17254.56
20190513,340101015,22944.85,5997.08
20190513,340101016,37806.67,9260.56
20190513,340101017,18231.12,5288.27
20190513,340101018,20813.91,5802.56
20190513,340101021,12589.94,4758.72
20190513,340101023,9473.38,3678.16
20190513,340101024,14763.69,2799.59
20190513,340101025,27797,6338.33
20190513,340101028,41794.59,10798.73
20190513,340101029,10242.48,2725.93
20190513,340101031,29423.11,7477.2
20190513,340101032,23403.57,6465.59
20190513,340101034,22501.79,6915.15
20190513,340101036,22173.32,5172.65
20190513,340101037,20297.67,7628.49
20190513,340101038,18502.62,4305.76
20190513,340101039,14048.2,2663.09
20190513,340101040,19136.54,4399.32
20190513,340101042,12556.79,3377.27
20190513,340101043,29736.41,5791.95
20190513,340101044,10491.56,3296.83
20190513,340101045,46902.25,7190.65
20190513,340101047,13488.48,3154.56
20190513,340101049,10540.97,3609.96
20190513,340101050,29426.48,6885.45
20190513,340101051,23357.46,11785.14
20190513,340101052,15331.16,2956.07
20190513,340101053,12479.85,3477.83
20190513,340101054,13760.23,5127.94
20190513,340101057,13834.63,4331.02
20190513,340101059,10936.23,2460.03
20190513,340101061,13618.9,4394.31
20190513,340101062,14578.01,4738.5
20190513,340101064,36029.94,10490.11
20190513,340101065,22189.62,4098.22
20190513,340101066,6344.92,1397.06
20190513,340101067,13713.91,5492.1
20190513,340121001,21056.79,6896.95
20190513,340121003,7201.58,3049.59
20190513,340121004,18106.94,6408.25
20190513,340121005,36726.5,9795.28
20190513,340121007,31629.16,8618.83
20190513,340121008,23103.97,6798.04
20190513,340121009,24947.57,12166.74
20190513,340121010,16987,6831.32
20190513,340121011,28979.51,13210.25
20190513,340121017,17344.57,5707.96
20190513,340121018,22858.48,8013.08
20190513,340121020,5879.45,1938.82
20190513,340122001,38550.34,12884.24
20190513,340122002,34111.03,9156.72
20190513,340122003,14472.09,2854.22
20190513,340122004,8236.24,3308.14
20190513,340122005,3426.82,1151.56
20190513,340122006,33277.76,9099.69
20190513,340122007,21283.61,3689.76
20190513,340122008,24882.45,7480.21
20190513,340122009,24194.55,9557.84
20190513,340122011,32145.08,4665.93
20190513,340122012,15680.83,3155.72
20190513,340122013,20080.85,6043.67
20190513,340122014,19557.89,5096.59
20190513,340122015,14234.76,4034.3
20190513,340122016,23434.75,4397.72
20190513,340122017,15960.71,5826.37
20190513,340122018,12672.76,5206.78
20190513,340122019,22651.3,3161.64
20190513,340122020,26876.71,8539.41
20190513,340122021,25189.4,7143.11
20190513,340123001,32777.2,8330.44
20190513,340123005,48560.42,9621.79
20190513,340123006,34951.4,8124.3
20190513,340123007,52197.73,9540.52
20190513,340123008,42985.77,9593.3
20190513,340123010,26823.62,7167.84
20190513,340123011,54731.78,14610.18
20190513,340123013,43245.17,9516.96
20190513,340123014,24156.32,4832.89
20190513,340123015,34204.38,7522.64
20190513,340123016,36598.72,6965.13
20190513,340123018,35012.54,9927.92
20190513,340123019,33315.74,7068.93
20190513,340124001,19563.55,4834.66
20190513,340124002,44084.43,11935.09
20190513,340124003,23983.27,4421.62
20190513,340124004,35783.65,4548.33
20190513,340124005,32683.7,5331.75
20190513,340124006,23685.07,4918.36
20190513,340124008,32120.07,3183.33
20190513,340124009,43095.61,5713.46
20190513,340124010,11551.91,2277.34
20190513,340124011,31055.45,5789.02
20190513,340124012,23962.69,3291.83
20190513,340124013,18883.71,3254.9
20190513,340124014,32994.28,7857.96
20190513,340124015,27992.28,5160.84
20190513,340124016,27575.95,5194.89
20190513,340124017,19048.32,3736.95
20190513,340124018,29734.72,6113.9
20190513,340124019,17796.92,2113.4
20190513,340124020,5507.44,861.19
20190513,340124021,16716.86,3249.95
20190513,340124022,26635.18,3611.63
20190513,340124023,8850.83,1756.06
20190513,340124024,24853.96,2193.4
20190513,340124025,16395,5136.35
20190513,340181003,13210.11,2314.97
20190513,340181004,23786.63,6923.01
20190513,340181005,17324.85,2787.19
20190513,340181006,22386.6,3772.67
20190513,340181007,21949.47,3537.13
20190513,340181008,8469.79,1794.28
20190513,340181009,12556.96,2215.18
20190513,340181010,39029.27,8519.34
20190513,340181011,23813.59,6795.79
20190513,340181012,17374.76,5239.85
20190513,340181013,12780.43,2773.21
20190513,340181016,21004.38,2196.24
20190513,340181017,24472.5,3909.07
20190513,340181018,28717.34,4104.65
20190513,340181020,36357.19,5905.36
20190513,340181021,25580.99,3446.55
20190513,340181022,21741.69,3742.26
20190513,340181023,21488.25,5184.24
20190513,340181024,13566.42,2651.26
20190513,340181025,17715.54,2146.78
20190513,340181026,15685.05,4281.99
20190513,340201002,8522.77,2044.82
20190513,340201005,11973.52,2422.7
20190513,340201006,11972.01,2396.94
20190513,340201010,9784.14,2042.68
20190513,340201011,9196.79,1907.78
20190513,340201013,11651.2,2156.88
20190513,340201015,11424.39,2846.68
20190513,340201016,18276.14,3840.57
20190513,340201017,14956.72,4045.38
20190513,340201018,14967.53,2618.36
20190513,340201019,10983.8,1896.85
20190513,340201020,17735.16,4318.99
20190513,340201021,19736.87,5001.16
20190513,340201022,9456.69,1783.81
20190513,340201023,12452.18,2386.26
20190513,340201024,10930,2543.55
20190513,340201026,17654.69,4928.55
20190513,340201027,11634.37,2835.49
20190513,340201028,16271.89,3150.7
20190513,340201032,10589.34,3324.32
20190513,340201034,9755.94,2444.63
20190513,340201037,31611.05,4696.18
20190513,340201038,10979.52,2336.91
20190513,340201039,30924.13,9503.52
20190513,340201040,34199.3,6077.13
20190513,340201041,22856.73,4557.51
20190513,340201042,28520.57,6588.56
20190513,340201043,36775.93,7016.97
20190513,340201044,18549.82,3972.49
20190513,340201045,38531.52,8174.31
20190513,340201047,20991.75,6320.45
20190513,340201049,13358.54,3837.35
20190513,340201052,28830.57,6054.25
20190513,340201053,18019.74,4014.59
20190513,340201054,49492.65,10457.23
20190513,340201055,22985.78,4187.39
20190513,340221002,18138.9,5194.8
20190513,340221003,18408.19,4551.89
20190513,340221004,19021.65,5147.69
20190513,340221007,18072.65,4323.84
20190513,340221010,27370.22,8748.72
20190513,340221012,29701.85,4700.48
20190513,340221013,31517.17,8053.2
20190513,340222002,15064.14,3635.1
20190513,340222003,37518.5,7638.77
20190513,340222005,13248.14,2482.76
20190513,340222007,21657.97,4945.24
20190513,340222009,10050.07,1798.93
20190513,340222010,25881.52,4897.19
20190513,340222011,32229.62,5466.64
20190513,340222012,14561.89,2361.67
20190513,340222016,10812.95,2553.15
20190513,340222017,15394.62,3103.75
20190513,340222022,18384.65,4112.68
20190513,340223002,42801.63,8149.85
20190513,340223003,34119.01,6163.26
20190513,340223004,29652.8,6605.85
20190513,340223005,40633.89,9778.35
20190513,340223006,47685.55,8212.71
20190513,340223008,28440.79,5006.07
20190513,340223009,29191.73,5266.75
20190513,340223010,18102.03,3508.4
20190513,340223011,17224.82,4010.55
20190513,340223012,23475.63,4717.95
20190513,340223013,16740.25,3290.15
20190513,340223014,19571.37,3573.49
20190513,340223017,11008.62,1674.49
20190513,340223018,11759.44,1583.28
20190513,340225001,27938.69,9809.99
20190513,340225002,29706.02,5804.72
20190513,340225004,48123.81,5715.8
20190513,340225006,22986.29,3395.14
20190513,340225007,67290.13,15168.82
20190513,340225008,37784.82,4491.76
20190513,340225009,29763.72,5870.46
20190513,340225010,21313.77,4101.15
20190513,340225011,21919.79,3590.19
20190513,340225012,29533.77,6444.61
20190513,340225013,24209.95,4885.53
20190513,340225014,38294.34,8839.07
20190513,340225015,41339.08,6970.1
20190513,340225016,27559.46,4340.64
20190513,340225017,44656.98,12512.69
20190513,340225018,24616.93,6458.09
20190513,340225019,18840.44,3945.05
20190513,340225020,10713.48,1542.38
20190513,340225021,16143.03,2160.98
20190513,340225022,9659.63,1965.82
20190513,340301002,6860.68,2303.04
20190513,340301003,5821.6,1630.67
20190513,340301004,12335.92,4078.94
20190513,340301007,7706.14,2569.34
20190513,340301008,7526.93,1844.8
20190513,340301009,7176.29,1782.99
20190513,340301010,12673.65,4085.63
20190513,340301011,11451.02,2689.41
20190513,340301013,9991.94,2579.84
20190513,340301014,9300.49,2030.03
20190513,340301015,4093.09,1170.86
20190513,340301016,15352.59,2411.13
20190513,340301017,9508.5,2588.42
20190513,340301018,6362.47,1955.16
20190513,340301019,2294.44,771.69
20190513,340301020,9778.74,2380.55
20190513,340301021,7495.82,1858.59
20190513,340301022,12484.19,4223.34
20190513,340301024,9305.05,3279.31
20190513,340301025,24570.12,8638.29
20190513,340301026,20904.86,4773.91
20190513,340321002,8854.37,3812.23
20190513,340321003,15240.17,9696.41
20190513,340321004,11772.62,6803.26
20190513,340321005,12375.36,5575.1
20190513,340321006,11721.44,5591.76
20190513,340321007,14288.37,6336.7
20190513,340321008,8905.58,4427.82
20190513,340321009,13168.8,7032.02
20190513,340321010,17749.82,9775.61
20190513,340321011,24706.3,13690.6
20190513,340321012,12779.7,6340.22
20190513,340321013,9527.17,3134.87
20190513,340321014,10174.01,6449.08
20190513,340321015,12233.48,6734.54
20190513,340321016,10036.86,5435.48
20190513,340321018,12727.47,10011.7
20190513,340321019,14766.38,9124.86
20190513,340321020,10780.94,5666.65
20190513,340321021,12987.49,5990.85
20190513,340321023,10498.57,5288.61
20190513,340321024,10064.39,5349.7
20190513,340321025,18482.71,9459.38
20190513,340322001,16377.45,5825.65
20190513,340322002,33016.72,11950.05
20190513,340322003,12065.87,4672.21
20190513,340322004,23985.03,10245.46
20190513,340322005,20377.58,6938.01
20190513,340322006,26553.16,8601.63
20190513,340322007,19071.46,6458.33
20190513,340322008,29694.93,11984.71
20190513,340322010,29182.19,10014.91
20190513,340322011,26960.85,10668.47
20190513,340322012,19512.6,7247.55
20190513,340322013,18676.87,6598.04
20190513,340322015,13159.83,4311.63
20190513,340322016,20524.36,6907.52
20190513,340322017,15703.31,6677
20190513,340322021,10938.87,3443.28
20190513,340323001,11325.37,4455.98
20190513,340323002,10585.79,4001.04
20190513,340323003,19177.31,6488.46
20190513,340323006,19474.18,7100.64
20190513,340323007,23161.09,6320.4
20190513,340323008,18139.18,6996.98
20190513,340323009,16449.37,5690.95
20190513,340323010,16231.1,6823.79
20190513,340323011,13640.93,6232.73
20190513,340323012,14919.93,5680.93
20190513,340323013,5954.76,1697.09
20190513,340323014,7368.47,2858.78
20190513,340323015,5191.84,2360.06
20190513,340323016,14499.68,5183.43
20190513,340323017,19353.41,7512.01
20190513,340323018,12625.47,3946.32
20190513,340323019,14047.15,6472.03
20190513,340323020,10743.87,4152.85
20190513,340323021,9120.7,3596.1
20190513,340323022,11606.3,4837.45
20190513,340323023,10637.59,3624.88
20190513,340323024,12783.91,4542.52
20190513,340401002,10000.93,2562.26
20190513,340401004,12819.27,2507.37
20190513,340401005,11891.4,1984.13
20190513,340401006,11395.38,2151.7
20190513,340401007,8499.81,1892.79
20190513,340401009,22421.77,3156.9
20190513,340401010,10507.67,2298.3
20190513,340401011,16896.81,3793.84
20190513,340401012,12476.21,2081.28
20190513,340401013,13112.33,3488.04
20190513,340401014,24135.06,3550.18
20190513,340401015,13739.84,2348.24
20190513,340401016,14467.03,3462.42
20190513,340401017,14834.44,3174
20190513,340401018,14547.78,2607.86
20190513,340401019,15648.59,1576.45
20190513,340401020,23187.43,3775.51
20190513,340401021,16489.45,3368.27
20190513,340401022,19843.48,3594.11
20190513,340401026,24728.19,4498.53
20190513,340401028,15328.32,1829.35
20190513,340401029,19913.71,4015.51
20190513,340401031,16496.6,3094.14
20190513,340401032,20296.24,2768.21
20190513,340401033,19821.88,3754.44
20190513,340401035,13679.87,1639.76
20190513,340401036,16283.02,3191.47
20190513,340401038,12068.73,1307.18
20190513,340401040,25765.67,5274.31
20190513,340401041,14068.01,6747.29
20190513,340401042,32917.42,8703.81
20190513,340401043,26099.22,4296.76
20190513,340401047,36178.61,10836.46
20190513,340401048,18950.5,4010.7
20190513,340401049,17872.65,4528.08
20190513,340401051,21004.3,6621.58
20190513,340401052,15096.6,2115.05
20190513,340401053,13806.69,2317.63
20190513,340421002,20252.52,5755
20190513,340421003,30177.35,7833.97
20190513,340421004,51444.12,13688.47
20190513,340421005,32108.17,9769.24
20190513,340421006,26785.39,7687.84
20190513,340421007,24786.88,8983.97
20190513,340421008,43157.34,11415.85
20190513,340421009,27334.54,8221.38
20190513,340421010,34456.85,8686.19
20190513,340421012,25245.87,6258.52
20190513,340421013,29838.39,8288.06
20190513,340421014,24539.24,8386.25
20190513,340421015,31745.82,8672.85
20190513,340421016,26732.17,6192.88
20190513,340421017,34518.89,7966.21
20190513,340421019,23909.45,6070.09
20190513,340422101,32880.82,9215.73
20190513,340422102,17762.95,5926.87
20190513,340422103,19127.14,4210.93
20190513,340422105,20015.36,4360.58
20190513,340422106,31801.34,5646.79
20190513,340422107,14223.82,4513.16
20190513,340422108,20563.26,6694.22
20190513,340422109,18116.94,2636.17
20190513,340422110,17748.53,4485.01
20190513,340422111,22005.1,6770.98
20190513,340422112,25336.07,6076.56
20190513,340422113,7756.1,2362.47
20190513,340422114,22893.22,6246.36
20190513,340422115,10101.81,3245.7
20190513,340422117,28541.14,7958.15
20190513,340422118,38966.97,6788.08
20190513,340422119,18231.79,3583.84
20190513,340422120,21744.99,4551.81
20190513,340422121,39417.04,6153.2
20190513,340422122,27541.43,5772.71
20190513,340422123,12617.44,2303.96
20190513,340422125,18636.37,3803.73
20190513,340422126,28477.98,4661.6
20190513,340422127,14065.12,2484.07
20190513,340422128,35829.68,7002.88
20190513,340422129,13976.51,3584.46
20190513,340501001,6191.79,1286.14
20190513,340501003,14651.18,2650.89
20190513,340501004,10732.16,1414.06
20190513,340501006,5107.42,1125.14
20190513,340501007,8776.14,1587.13
20190513,340501008,6513.28,2117.26
20190513,340501009,19680.44,2826.58
20190513,340501010,9633.46,2398.56
20190513,340501012,8310.3,2038.97
20190513,340501013,7290.88,1115.36
20190513,340501014,19444.73,2383.96
20190513,340501015,8735.21,1400.24
20190513,340501016,4748.5,802.96
20190513,340501017,11133.45,1710.81
20190513,340501019,19067.92,4296.39
20190513,340501020,12749.31,1862.62
20190513,340501021,14799.17,2082.86
20190513,340501023,13254.78,1391.06
20190513,340501025,11304.06,2162.76
20190513,340501029,14554.5,2154.7
20190513,340501030,18711.02,3384.69
20190513,340521001,37108.71,6659.58
20190513,340521003,15046.66,2358.01
20190513,340521004,21728.38,4784.48
20190513,340521006,28771.68,3471.27
20190513,340521010,23213.94,5512.13
20190513,340521011,11760.93,2731.74
20190513,340521012,22890.01,6692.51
20190513,340521013,20869.77,3167.42
20190513,340521014,20866.16,3943
20190513,340521017,12649.61,3292.25
20190513,340521019,14653.21,3544.18
20190513,340521020,22334.24,4116.82
20190513,340521021,28913.53,5582.86
20190513,340521022,31619.52,5333.32
20190513,340521023,22407.63,5901.44
20190513,340521024,18188.02,5943.85
20190513,340521025,9854.05,3936.87
20190513,340522001,15556.1,3082.65
20190513,340522003,24544.1,4779.52
20190513,340522004,10779.85,1792.24
20190513,340522006,27196.19,6207.2
20190513,340522007,13497.87,3532.01
20190513,340522008,18830.51,5661.67
20190513,340522009,15426.65,3739.02
20190513,340522010,6876.73,1430.89
20190513,340522011,11144.22,2053.07
20190513,340522013,30295.82,4520.64
20190513,340522015,6534.04,1512.91
20190513,340523001,34970.7,7061.7
20190513,340523002,18894.58,4108.28
20190513,340523004,14707.08,2368.79
20190513,340523005,31700.59,4954.18
20190513,340523006,15893.5,2128.51
20190513,340523007,17470.76,5514.44
20190513,340523008,30443.93,5493.09
20190513,340523009,23453.21,6748.29
20190513,340523010,21365.38,4591.21
20190513,340523012,41869.7,6182.74
20190513,340523013,21903.71,3136.56
20190513,340601002,9841.3,2738.55
20190513,340601003,12229.34,2353.79
20190513,340601006,11963.63,3915.14
20190513,340601007,14565.09,4526.42
20190513,340601008,13603.06,3987.9
20190513,340601009,15869.39,4608.3
20190513,340601010,8706.96,1775.31
20190513,340601011,20345.85,3887.81
20190513,340601013,25649.05,4294.78
20190513,340601016,9247.33,2094.04
20190513,340601017,13127,3223.87
20190513,340601018,12946.85,1890.61
20190513,340601019,12638.24,1968.02
20190513,340601020,11506.57,1797.51
20190513,340601021,20295.42,4281.16
20190513,340601023,14301.33,2244.17
20190513,340601024,11743.4,2558.46
20190513,340601026,32683.4,5656.89
20190513,340601027,15745.73,3756.28
20190513,340601028,12139.53,3174.74
20190513,340601030,21685.31,5608.09
20190513,340601031,26410.03,5598.02
20190513,340601032,27809.42,5350.43
20190513,340601033,31922.1,6123.03
20190513,340601036,43818.11,8341.65
20190513,340621002,19626.8,4562.47
20190513,340621003,18037.73,5223.25
20190513,340621005,32007.6,6265.65
20190513,340621006,32465.13,9942.03
20190513,340621007,50573.44,9267.69
20190513,340621010,10889.33,2049.57
20190513,340621012,35832.59,7453.69
20190513,340621013,40646.85,8523.43
20190513,340621014,29888.21,7587.82
20190513,340621015,31682.8,7414.88
20190513,340621016,50893.99,11569.71
20190513,340621017,13448.75,3996.52
20190513,340621018,44004.25,12804.91
20190513,340621019,49914.54,15912.33
20190513,340621020,22691.34,5766.08
20190513,340621021,31370.83,7590.67
20190513,340621023,42286.3,9924.48
20190513,340621031,28107.33,6112.87
20190513,340621034,19048.08,5298.88
20190513,340701004,4813.49,1348.88
20190513,340701005,11686.87,2787.43
20190513,340701007,23362.78,4553.39
20190513,340701008,13390.01,2539.88
20190513,340701009,11972.85,2600.9
20190513,340701010,12362.46,2689.11
20190513,340701011,9147.21,2715.18
20190513,340701012,8467.65,1724.19
20190513,340701013,14325.96,2249.31
20190513,340701014,6064.83,1475.96
20190513,340701015,36994.93,5498.18
20190513,340701017,14964.2,2415.73
20190513,340701018,19626.07,3158.47
20190513,340701019,5866.49,2052.1
20190513,340701020,11204.73,2515.7
20190513,340701021,24811.08,3490.88
20190513,340701022,7311.46,1770.59
20190513,340701023,6791.79,1110.25
20190513,340701025,17677.56,3977.16
20190513,340701028,13924.22,2394.19
20190513,340701035,16400,2808.54
20190513,340701036,25425.83,2965.02
20190513,340701037,10219.75,1376.94
20190513,340701038,25285,3514.33
20190513,340701039,16766.72,2065.35
20190513,340701040,14833.53,1726.74
20190513,340701041,26411.07,3289.58
20190513,340701042,27347.13,3610.38
20190513,340701043,9327.43,1623.06
20190513,340701044,13632.87,1853.86
20190513,340701045,10871.3,1656.51
20190513,340701046,15957.72,1849.06
20190513,340701047,20547.39,3163.66
20190513,340701048,6712.09,1055.25
20190513,340722102,17187.18,1574.65
20190513,340722103,32417.27,5061.3
20190513,340722104,19999.32,1822.43
20190513,340722105,28941.91,3576.84
20190513,340722106,38847.66,3859.52
20190513,340722107,66602.07,7426.92
20190513,340722108,40633.87,4213.03
20190513,340722109,51837.81,4014.98
20190513,340722110,44298.22,3487.77
20190513,340722111,39284.88,3137.73
20190513,340722112,92779.77,10279.76
20190513,340722113,40958.09,4816.29
20190513,340722114,51232.97,5372.66
20190513,340722115,22867.65,2540.3
20190513,340722116,15727.09,1028.16
20190513,340722118,15877.06,1894.94
20190513,340722119,52576.59,5137.72
20190513,340722121,19279.17,2612.44
20190513,340722122,36822.68,3424.12
20190513,340722123,26087.36,2593.62
20190513,340722124,33391.83,3276.86
20190513,340722125,31451.13,2652.77
20190513,340722126,30464.67,6835.99
20190513,340801003,29171.22,4087.32
20190513,340801004,27314.14,4062.63
20190513,340801005,19280.09,1662.89
20190513,340801006,35332.9,10611.86
20190513,340801007,13802.94,3332.76
20190513,340801012,24614.42,2075.05
20190513,340801013,16966.65,1927.42
20190513,340801015,21567.36,3004.83
20190513,340801016,12221.89,1771.37
20190513,340801017,24953.56,1906.92
20190513,340801018,34347.96,3832.26
20190513,340801019,30245.71,4487.8
20190513,340801020,35620.29,4145.69
20190513,340801021,21516.59,4167.3
20190513,340801022,32676.99,7189.21
20190513,340801023,30436.32,5385.78
20190513,340801024,20608.88,3708.57
20190513,340801025,23476.95,6694.19
20190513,340801032,40294.17,5959.96
20190513,340801033,59246.75,7928.26
20190513,340801034,31201.32,11164.33
20190513,340822002,20126.14,2959.4
20190513,340822003,31498.35,3320.61
20190513,340822004,49239.07,10849.75
20190513,340822005,21182.79,4634.95
20190513,340822006,82106.25,8767.45
20190513,340822007,26083.47,4205.39
20190513,340822008,30142.17,6530.36
20190513,340822009,57160.63,8793.04
20190513,340822010,24481.29,4545.36
20190513,340822013,32940.63,4436.61
20190513,340822014,31244.14,4145.01
20190513,340822015,32602.41,4187.12
20190513,340822016,37960.79,6850.07
20190513,340822018,26906.36,3124.32
20190513,340822019,28102.03,4750.12
20190513,340822020,20191.29,1790.44
20190513,340822022,30214.81,3102.62
20190513,340822023,29949.08,4720.19
20190513,340822025,52571.65,8133.48
20190513,340822026,67528.88,8799.96
20190513,340822028,26348.37,3416.29
20190513,340822031,9756.02,1259.99
20190513,340824002,35196.39,5066.14
20190513,340824003,23928.13,2124.44
20190513,340824004,29808.57,4316.98
20190513,340824005,42405.26,5667.51
20190513,340824006,42329.36,9896.18
20190513,340824007,9194.22,1333.72
20190513,340824008,20184.16,3899.86
20190513,340824010,18750.95,2761.11
20190513,340824011,36104.94,4282.37
20190513,340824013,34329.29,5925.99
20190513,340824014,21382.39,4505.53
20190513,340824015,22945.41,3783.61
20190513,340824016,26466.69,3598.54
20190513,340824017,18129.49,2860.05
20190513,340824018,20576.6,3345.31
20190513,340824019,29652.67,3865.77
20190513,340824020,21208.21,4148.33
20190513,340824021,20405.95,5015.82
20190513,340825001,25585.76,4538.48
20190513,340825002,27827.21,5625.48
20190513,340825003,14612.68,2357.57
20190513,340825004,33434.76,11496.99
20190513,340825005,15012.33,4232.91
20190513,340825006,17069.74,4602.61
20190513,340825007,17248.07,3214.66
20190513,340825008,13201.02,4102.76
20190513,340825009,22825.08,5281.14
20190513,340825010,14118.48,3898.77
20190513,340825012,38305.22,7189.21
20190513,340825013,11189.21,3271.97
20190513,340825014,41098.98,7844.76
20190513,340825016,32500.8,8667.32
20190513,340825017,26159.72,5956.5
20190513,340826002,41405.78,8962.02
20190513,340826003,33509.11,5267.58
20190513,340826004,35002.12,6094.87
20190513,340826005,18121.05,3233.84
20190513,340826006,45658.22,10217.57
20190513,340826007,44977.45,10825.08
20190513,340826008,36621.84,9812.46
20190513,340826009,20025.63,5735.08
20190513,340826010,35075.94,8666.79
20190513,340826011,27971.5,6040.59
20190513,340826012,25110.3,5924.48
20190513,340826013,28340.94,7049.18
20190513,340826014,33046.67,6576.16
20190513,340826017,46425.05,9286.48
20190513,340826018,26945.45,7150.59
20190513,340826019,47066.59,9587.84
20190513,340826020,39573.57,10114.52
20190513,340826021,25020.08,4437.26
20190513,340826022,24675.84,4808.11
20190513,340827001,14958.72,2918.3
20190513,340827002,24306.54,4670.28
20190513,340827003,78549.7,10860.33
20190513,340827004,80419.98,12002.87
20190513,340827006,22611.82,4910.79
20190513,340827007,39818,4903.21
20190513,340827008,40191.37,7437.06
20190513,340827009,35753.43,6462.11
20190513,340827010,11587.19,1589
20190513,340827011,23627.66,4587.57
20190513,340827013,28857.34,4378.57
20190513,340827014,19772.33,3932.11
20190513,340827015,25159.41,5532.47
20190513,340827016,17351.66,4748.42
20190513,340827017,15978.12,2623.35
20190513,340827019,45284.11,5374.64
20190513,340827020,31597.45,5157.51
20190513,340827021,31183.1,4041.16
20190513,340827022,28111.22,6202.51
20190513,340827023,27966.87,4338.21
20190513,340828001,14614.23,4002.31
20190513,340828003,29069.37,5923.2
20190513,340828004,25072.31,8915.61
20190513,340828005,17095.25,5549.32
20190513,340828006,18652.52,4956.16
20190513,340828007,11470.85,2709.74
20190513,340828008,28823.74,4909.67
20190513,340828009,29399.58,5712.74
20190513,340828010,8732.78,2320.03
20190513,340828011,13928.6,4041.23
20190513,340881001,33755,4964.37
20190513,340881002,23114.2,3503.5
20190513,340881003,36244.65,5397.58
20190513,340881004,23813.88,2207.57
20190513,340881005,23521.64,2986.98
20190513,340881007,29336.56,2865.91
20190513,340881008,26641.1,2524.88
20190513,340881009,23824.44,3489.91
20190513,340881010,40139.99,5219.67
20190513,340881012,46944.73,5998.7
20190513,340881013,41843.37,4551.62
20190513,340881014,56476.47,7601.18
20190513,340881015,48244.62,6431.97
20190513,340881016,30111.1,4138.47
20190513,340881017,30255.83,3782.8
20190513,340881018,28085.44,4350.08
20190513,340881019,27158.46,2336.26
20190513,340881020,19001.3,2501.36
20190513,340881022,42288.64,4563.45
20190513,341001003,12327.45,3633.26
20190513,341001004,9320.55,2136.36
20190513,341001005,9799.87,2208.01
20190513,341001006,18348.92,2683.21
20190513,341001007,11415.51,2418.13
20190513,341001015,9063,1311.37
20190513,341003004,10362.25,1621.4
20190513,341003006,7625.29,1120.85
20190513,341003007,9751.34,1328.25
20190513,341003008,12841.87,2314
20190513,341003011,6447.35,838.58
20190513,341003012,6397.4,837.74
20190513,341003013,4243.41,820.13
20190513,341003014,3795.79,664.88
20190513,341003015,12623.49,1527.7
20190513,341003016,8632.55,1159.21
20190513,341003017,12472.69,2213.46
20190513,341003018,16175.53,2300.05
20190513,341003019,9653.27,1484.09
20190513,341003020,4237.11,466.85
20190513,341003022,5479.01,1410.74
20190513,341003023,3317.87,439.9
20190513,341021001,14226.92,1591.04
20190513,341021003,22480.63,3511.48
20190513,341021004,12074.91,1713.81
20190513,341021005,11078.72,1520.8
20190513,341021007,11853.3,1923.91
20190513,341021008,9345.77,1561.1
20190513,341021009,12349.99,1283.96
20190513,341021010,7808.41,825.07
20190513,341021011,21399.5,3417.49
20190513,341021012,22845.64,2871.43
20190513,341021013,6046.49,784.2
20190513,341021014,10228.94,1154.96
20190513,341021015,10428.74,1493.57
20190513,341021016,4925.54,763.43
20190513,341021017,16699.24,2147.65
20190513,341021018,16693.15,2624.51
20190513,341021019,19133.81,1973.7
20190513,341021022,15359.17,1881.19
20190513,341021024,3686.42,613.53
20190513,341021025,18421.29,2765.19
20190513,341021026,7578.72,856.16
20190513,341022003,8095.42,1139.84
20190513,341022004,10193.74,1350.41
20190513,341022005,14722.39,1108.1
20190513,341022006,14740.57,1602.7
20190513,341022008,6638.63,948.37
20190513,341022009,8800.37,940.03
20190513,341022010,11059.04,912.62
20190513,341022011,7350.74,1100.51
20190513,341022012,16887.2,1999.43
20190513,341022013,10503.13,1170.38
20190513,341022014,11506.26,1810.97
20190513,341023001,8291.21,1681.79
20190513,341023003,6188.66,1400.17
20190513,341023004,9946.73,1538.82
20190513,341023005,2749.26,382.52
20190513,341023006,3984.02,546.37
20190513,341023007,5323.44,1131.04
20190513,341024003,11328.66,853.08
20190513,341024004,11789.79,1160.34
20190513,341024005,14244.85,1749.23
20190513,341024006,19529.35,1915.67
20190513,341024007,18284.86,1663.48
20190513,341024008,11191.91,1603.14
20190513,341024009,16369.29,1941.93
20190513,341024010,9184.44,551.49
20190513,341101003,18003.56,3387.84
20190513,341101004,12671.21,2273.38
20190513,341101005,45304.65,8047.6
20190513,341101006,18828.23,2836.24
20190513,341101008,21671.62,3262.46
20190513,341101010,20977.35,4874.08
20190513,341101011,12697.09,2903.77
20190513,341101012,17902.22,3234.32
20190513,341101013,20376.7,3764.67
20190513,341101014,19132.8,3992.43
20190513,341101018,17157.98,2812.53
20190513,341101019,21764.12,4584.15
20190513,341122002,17465.34,3541.27
20190513,341122003,22225.15,4191.72
20190513,341122004,21107.96,4905.32
20190513,341122005,21199.47,8756.79
20190513,341122006,17867.02,2856.95
20190513,341122007,24961.97,3658.61
20190513,341122008,26997.26,6774.29
20190513,341122009,33431.96,4794.67
20190513,341122011,27382.88,2942.8
20190513,341124002,9519.33,2195.91
20190513,341124003,26970.82,6948.92
20190513,341124004,23066.85,3787.05
20190513,341124005,18582.89,3045.4
20190513,341124007,9175.3,2245.81
20190513,341124008,14667.18,3456.87
20190513,341124009,13692.12,3238.51
20190513,341124010,9897.06,2272.9
20190513,341124011,15022.43,2454.7
20190513,341124012,12751.79,4366.15
20190513,341124013,26046.21,4430.87
20190513,341125002,28704,11175.62
20190513,341125003,20600.45,6388.27
20190513,341125004,24080.27,5935.31
20190513,341125005,19819.41,5677.81
20190513,341125006,31167.38,6362.07
20190513,341125008,16243.37,4634.04
20190513,341125009,29287.67,7532.42
20190513,341125010,12535.35,3680.75
20190513,341125011,11867.69,3225.07
20190513,341125012,18871.23,7089.14
20190513,341125013,9982.16,3356.37
20190513,341126002,40409.2,16789.62
20190513,341126003,14539.08,11641.38
20190513,341126005,26395.69,8196.69
20190513,341126006,24069.55,11969.14
20190513,341126007,18974.95,5601.25
20190513,341126008,25690.03,9154.75
20190513,341126009,25684.72,10195.08
20190513,341126010,22432.06,7378.31
20190513,341126012,13483.55,3748.58
20190513,341181001,28686.59,4742.01
20190513,341181002,53058.8,10633.43
20190513,341181003,20746.41,5524.12
20190513,341181004,28112.58,6205.07
20190513,341181005,22879.36,4193.47
20190513,341181006,25926.79,5031.64
20190513,341181008,17157.43,3187.88
20190513,341181009,37814.87,12376.12
20190513,341181010,32666.86,4955.03
20190513,341181012,15277.32,3413.63
20190513,341181013,32938.24,5138.42
20190513,341181014,25421.79,3792.95
20190513,341182002,7827.93,1632.37
20190513,341182003,17441.27,5265.52
20190513,341182004,14711.65,2578.78
20190513,341182005,13417.68,3728.07
20190513,341182006,18467.05,4692.06
20190513,341182007,14495.87,5122.97
20190513,341182008,7738.7,2681.75
20190513,341182009,16851.55,5100.35
20190513,341182010,28416.37,6452.74
20190513,341182011,6135.51,834.12
20190513,341182013,19872.89,5284.4
20190513,341182014,18376.17,5295.28
20190513,341182015,20558.44,7095.8
20190513,341182016,10401.91,3284.58
20190513,341201001,21765.12,6941.55
20190513,341201002,12303.6,3436.84
20190513,341201003,11284.42,4424.56
20190513,341201004,21049.71,5822.59
20190513,341201005,30541.06,5473.95
20190513,341201007,13931.67,3343.42
20190513,341201008,18883.17,4943.87
20190513,341201009,24387.82,5993.97
20190513,341201011,14242.2,4446.42
20190513,341201012,29497.31,9526.7
20190513,341201013,23960.42,5833.94
20190513,341201014,10868.55,3410.42
20190513,341201015,20411.86,5747.35
20190513,341201016,18307.88,4074.67
20190513,341201017,20891.99,5865.89
20190513,341201018,21218.98,5082.99
20190513,341201019,21103.75,8353.91
20190513,341201020,32537.06,6810.87
20190513,341201021,20817.4,4718.72
20190513,341201023,34369.85,7020.38
20190513,341201025,34374.8,8634.29
20190513,341201026,25810.31,5226.25
20190513,341201027,31826.53,6145.14
20190513,341201028,34488.65,6671.3
20190513,341201030,43936.25,8508.65
20190513,341201031,20045.01,4172.34
20190513,341201032,18952.29,3932.75
20190513,341201033,31387.95,6159.11
20190513,341201034,28503.73,5801.43
20190513,341201035,13237.25,5719.87
20190513,341201037,17454.81,8154.49
20190513,341201038,21182.86,8606.91
20190513,341201042,34043.09,7773.69
20190513,341221001,48845.8,13561.53
20190513,341221002,38784.55,13106.24
20190513,341221003,38451.43,11383.06
20190513,341221004,45473.57,13132.31
20190513,341221005,39471.94,10789.44
20190513,341221006,40764.24,11593.41
20190513,341221007,46862.01,13060.08
20190513,341221008,38372.16,10664.55
20190513,341221009,34107.02,12202.01
20190513,341221010,52417.14,12959.16
20190513,341221011,34890.31,8804.69
20190513,341221012,71535.53,21748.02
20190513,341221013,49127.51,15054.55
20190513,341221015,30902.25,8225.41
20190513,341221016,34122.33,9056.73
20190513,341221017,36336.76,12569.76
20190513,341221018,37067.35,8963.65
20190513,341221019,54920.06,16149.19
20190513,341221020,34219.84,7616.62
20190513,341221021,40471.25,10101.32
20190513,341221022,31954.9,10757.12
20190513,341221023,37267.56,9875.43
20190513,341221024,22480.22,6345.41
20190513,341221025,20890.9,6962.93
20190513,341221026,39486.89,10374.79
20190513,341221027,41519.02,11528.13
20190513,341221028,30714.96,8995.77
20190513,341222001,25885.94,9906.19
20190513,341222002,18846.59,5907.08
20190513,341222003,36265.93,10396.54
20190513,341222004,10627.35,3952.92
20190513,341222005,24860.94,7670.7
20190513,341222006,15445.9,4921.91
20190513,341222007,36187.65,9063.04
20190513,341222009,31291.08,9897.41
20190513,341222010,58021.07,8091.46
20190513,341222011,68761.57,10489.25
20190513,341222012,47782.49,7893.73
20190513,341222013,51176.46,9630.51
20190513,341222014,74102.51,14480.29
20190513,341222015,47164.5,10525.77
20190513,341222016,53753.96,11418.47
20190513,341222017,42081.56,9655.88
20190513,341222018,48454.86,16686.97
20190513,341222019,71969.11,14294.23
20190513,341222020,34851.18,7639.49
20190513,341222021,44479.42,7722.86
20190513,341222022,43785.33,5832.59
20190513,341222023,32817.22,10144.95
20190513,341222024,48249.94,8719.03
20190513,341222025,51563.2,11072.93
20190513,341222026,43670.8,12029.84
20190513,341222027,38455.53,8458.73
20190513,341222028,28522.46,10166.94
20190513,341222029,34768.68,8157.99
20190513,341222030,38316.97,6547.29
20190513,341222031,32090.44,5744.67
20190513,341222035,26231.54,7076.37
20190513,341225001,19584.73,5885.69
20190513,341225002,21408.06,6562.56
20190513,341225003,21117.97,5553.06
20190513,341225004,30226.76,8198.41
20190513,341225005,13493.74,4025.7
20190513,341225006,48568.03,14467.23
20190513,341225008,30012.44,8439.29
20190513,341225009,32978.3,8853.43
20190513,341225011,30260.36,7252.68
20190513,341225012,26429.11,9166.55
20190513,341225013,50164.16,15087.04
20190513,341225014,34173.04,11064.81
20190513,341225015,48974.71,13725.78
20190513,341225016,32094.98,8144.51
20190513,341225017,33710.26,10047.2
20190513,341225018,59016.85,12640.12
20190513,341225019,27430.61,5658.11
20190513,341225020,29087.12,6304.37
20190513,341225021,36546.93,9338.94
20190513,341225023,19769.01,6946.62
20190513,341225027,20138.6,5252.37
20190513,341226001,26274.06,9344.1
20190513,341226002,41825.09,12771.71
20190513,341226004,27869.63,10668.89
20190513,341226005,36867.34,8873.34
20190513,341226006,26250.44,6793.19
20190513,341226007,22818.82,4775.28
20190513,341226008,23835.53,5778.85
20190513,341226009,31093.44,9300.71
20190513,341226011,23175.5,5843.27
20190513,341226012,26118.36,4717.37
20190513,341226013,18686.34,6163.85
20190513,341226014,26014.54,6536.52
20190513,341226015,27580.28,6723.94
20190513,341226016,24499.45,8730.98
20190513,341226017,18674.69,4110.93
20190513,341226018,28927.19,7222.46
20190513,341226019,30654.42,8011.46
20190513,341226020,21808.34,4416.99
20190513,341226021,30762.26,9071.68
20190513,341226022,25736.01,9252.62
20190513,341226023,11939.69,4820.87
20190513,341226026,16042.93,5808.96
20190513,341282001,21703.44,4856.09
20190513,341282002,21129.16,5100.31
20190513,341282003,34126.03,9962.46
20190513,341282004,26001.83,7153.2
20190513,341282005,34126.94,9731.73
20190513,341282006,45779.14,12078.81
20190513,341282007,34898.04,9762.98
20190513,341282008,31388.98,6976.27
20190513,341282009,26526.94,5732.73
20190513,341282010,20931.08,6324.64
20190513,341282011,32380.57,7604.96
20190513,341282013,36957.31,9864.18
20190513,341282014,25091.9,6462.52
20190513,341282015,26058.33,4988.95
20190513,341282016,37713.13,6093.57
20190513,341282019,24767.65,5948.51
20190513,341301001,28000.36,6918.99
20190513,341301002,12976.52,3758.35
20190513,341301003,10126.54,4916.52
20190513,341301004,30434.57,9800.78
20190513,341301005,25799.81,8116.35
20190513,341301006,19290.96,5424.43
20190513,341301007,19365.47,5137.92
20190513,341301009,24420.92,8272.55
20190513,341301010,27752.97,8727.13
20190513,341301011,15036.48,5249.12
20190513,341301012,12574.97,4757.55
20190513,341301013,32294.32,8868.29
20190513,341301014,33637.05,12593.28
20190513,341301015,45728.36,17789.79
20190513,341301017,22493.85,7164.69
20190513,341301020,30492.7,8994.88
20190513,341301021,23510.52,7040.22
20190513,341301023,42654.95,15692.71
20190513,341301025,43414.78,18206.76
20190513,341301026,43881.5,16951.75
20190513,341301027,52213.59,24276.88
20190513,341301028,42760.21,16257.69
20190513,341301029,32852.29,9334.84
20190513,341301030,30149.63,10052.08
20190513,341301032,40313.04,17518.6
20190513,341301034,32079.11,9110.39
20190513,341301036,19518.35,5442.51
20190513,341301038,26311.35,9320.33
20190513,341301039,21008.68,4519.06
20190513,341301040,49613.52,18465.63
20190513,341301041,26552.78,9720.95
20190513,341321001,21641.62,8660.01
20190513,341321002,17123.76,7575.85
20190513,341321003,20051.08,8668.81
20190513,341321004,43535.18,18476.21
20190513,341321005,32726.83,9403.3
20190513,341321006,31953.59,14775.62
20190513,341321007,52314.19,21504.85
20190513,341321008,20873.46,7964.56
20190513,341321009,27818.97,8199.45
20190513,341321010,15937.22,5199.54
20190513,341321011,24149.88,8271.8
20190513,341321012,29251.31,12126.75
20190513,341321013,34577.06,13257.21
20190513,341321014,41513.87,14720.93
20190513,341321016,17260.94,5839.7
20190513,341321017,28350.52,10302.45
20190513,341321018,32396.42,14192.95
20190513,341321019,34155.46,12528.47
20190513,341321020,19488.96,8394.58
20190513,341321021,34318.82,12925.87
20190513,341321022,27336.3,9653.25
20190513,341321023,15658.81,5352.44
20190513,341322002,60151.66,19106.06
20190513,341322004,26118.6,8987.95
20190513,341322005,34459.43,11954.24
20190513,341322006,44631.58,12856.27
20190513,341322007,28378.9,8143.48
20190513,341322008,20577.72,5862.09
20190513,341322012,17914.14,4510.01
20190513,341322013,27369.34,7073.87
20190513,341322014,32322.38,13029.51
20190513,341322015,40501.03,12064.77
20190513,341322016,19437.22,6249.13
20190513,341322017,31500.96,8692.05
20190513,341322018,19779.07,8480.79
20190513,341322019,18651.51,6619.14
20190513,341322020,18602.57,6744.83
20190513,341322021,18906.48,7412.99
20190513,341322022,25040.51,6932.63
20190513,341322023,37907.98,13848.78
20190513,341322024,18788.55,7613.46
20190513,341322025,19685.45,7392.49
20190513,341322026,32828.31,12508.89
20190513,341323002,26265.29,11680.09
20190513,341323003,28858.79,14862.39
20190513,341323004,32092.59,16622.78
20190513,341323005,37248.21,20133.62
20190513,341323006,39208.26,20518.26
20190513,341323008,29408.9,12234.57
20190513,341323009,31618.51,11585.47
20190513,341323010,42727.48,20861.43
20190513,341323011,32762.54,11468.69
20190513,341323012,34044.5,14125.13
20190513,341323013,39195.31,13525.52
20190513,341323014,29566.29,12514.78
20190513,341323016,22960.5,11535.16
20190513,341323017,25039.98,9601.42
20190513,341323018,37682.19,13229.28
20190513,341323019,34922.53,14775.24
20190513,341323020,25940.08,12636.74
20190513,341324001,31709.66,11491.32
20190513,341324003,35779.73,11507.74
20190513,341324004,33245.8,13342.1
20190513,341324005,58216.53,19638.58
20190513,341324006,38297.95,14644.73
20190513,341324007,44812.55,14963.45
20190513,341324008,27217.43,9160.92
20190513,341324009,38410.93,16326.85
20190513,341324010,39279.59,19132.25
20190513,341324011,37446.94,17962.59
20190513,341324012,41185.62,13465.07
20190513,341324015,13927.12,5076.73
20190513,341501001,20115.96,4969.93
20190513,341501002,21684.24,4036.71
20190513,341501003,26574.41,5216.37
20190513,341501005,21124.2,5712.55
20190513,341501007,26233.39,4508.99
20190513,341501008,22499.35,5848.03
20190513,341501011,27570.85,6083.16
20190513,341501012,37375.8,7027.31
20190513,341501013,42027.64,3215.25
20190513,341501014,28411.3,5247.03
20190513,341501015,57052.78,10973.83
20190513,341501017,27872.27,5347.07
20190513,341501018,41328.97,4315.78
20190513,341501019,22324.17,2860.74
20190513,341501020,44119.23,7545.61
20190513,341501021,44415.28,5666.38
20190513,341501022,25917.03,4580.61
20190513,341501023,50255.33,12897.67
20190513,341501024,31685.57,10510.25
20190513,341501025,25076.91,4384.42
20190513,341501026,18929.55,4567.26
20190513,341501027,23417.9,6134.38
20190513,341501028,27574.86,10507.61
20190513,341501029,19827.64,5132.05
20190513,341522001,26713.01,5741.76
20190513,341522002,25202.16,8914.31
20190513,341522004,41508.57,13865.73
20190513,341522005,53341.72,14297.65
20190513,341522006,37065.48,6613.17
20190513,341522007,40669.85,9884.44
20190513,341522008,30080.56,8772.29
20190513,341522009,29961.73,9844.89
20190513,341522010,28703.73,7669.56
20190513,341522011,31571.25,7182.12
20190513,341522012,44115.32,6063.46
20190513,341522013,37119.17,6516.47
20190513,341522014,25272.04,5154.45
20190513,341522015,44172.66,9186.13
20190513,341522016,25606.66,5450.38
20190513,341522018,23141.19,5605.38
20190513,341523001,57481.45,9946.61
20190513,341523003,27747.35,4553.55
20190513,341523004,22589.7,3325.39
20190513,341523005,42139.79,6115.72
20190513,341523006,23136.61,4339.15
20190513,341523007,17666.92,2553.35
20190513,341523008,20928.34,3282.72
20190513,341523009,30696.74,4915
20190513,341523010,34556.42,7820.97
20190513,341523011,25790.06,3528.19
20190513,341523012,33107.15,5544.27
20190513,341523013,45481.36,6974.37
20190513,341523014,12471.55,1778
20190513,341523015,27066.92,3648.67
20190513,341523016,22802.68,3956.23
20190513,341523017,36540.76,5823.75
20190513,341523018,37817.98,4153.93
20190513,341523019,31347.06,4505.37
20190513,341523020,32942.76,2673.13
20190513,341523021,22393.73,2753.48
20190513,341523022,34280.28,4502.22
20190513,341523023,27225.5,4139.33
20190513,341523025,32277.6,4196.11
20190513,341523026,25285.43,5714.85
20190513,341523028,5547.26,1146.61
20190513,341524001,19936.81,6432.87
20190513,341524003,10977,4196.07
20190513,341524004,31442.23,10189.88
20190513,341524006,25052.88,5271.39
20190513,341524007,22853.67,7494.76
20190513,341524008,28700.77,5412.81
20190513,341524009,21650.09,3565.65
20190513,341524011,48693.69,12207.33
20190513,341524012,23245.88,7414.96
20190513,341524014,25329.12,8141.78
20190513,341524017,17569.99,3900.17
20190513,341524018,7436.02,2251.44
20190513,341524019,12514.37,5565.53
20190513,341525002,37257.93,4912.73
20190513,341525003,32038.01,6478.8
20190513,341525004,12509.2,1784.19
20190513,341525005,17747.54,2416.78
20190513,341525006,21997.38,3946.24
20190513,341525007,11624.55,1906.76
20190513,341525008,24634.38,5607.7
20190513,341525009,15396.51,2286.93
20190513,341525010,16224.02,3137.12
20190513,341525011,25368.54,2469
20190513,341525013,17936.67,3186.33
20190513,341525014,30250.03,5764.61
20190513,341525015,17338.07,2068.12
20190513,341525016,18276.7,2835.03
20190513,341601001,9165.54,2644.34
20190513,341601002,6762.5,3137.67
20190513,341601003,14183.54,5508.06
20190513,341601004,8081.01,2693.01
20190513,341601005,10976.96,4015.9
20190513,341601006,15434.52,7992.66
20190513,341601007,13171.42,4298.38
20190513,341601008,9325.41,3719.88
20190513,341601009,6834.49,2849.28
20190513,341601010,6643.02,4900.87
20190513,341601011,4897.4,2565.08
20190513,341601012,8644.54,4069.89
20190513,341601013,8588.57,3023.1
20190513,341601014,13096.47,7495.33
20190513,341601015,8870.09,3242.96
20190513,341601016,5663.89,2241.86
20190513,341601018,25088.34,6756.92
20190513,341601019,39858.04,12227.1
20190513,341601020,30567.26,6897.67
20190513,341601022,22064.43,7529.71
20190513,341601023,28770.53,7447.94
20190513,341601024,21989.38,8026.63
20190513,341601025,24389.51,6796.09
20190513,341601027,49360.17,11901.42
20190513,341601028,30057.87,8187.16
20190513,341601029,29583.17,9109.5
20190513,341601030,14314.56,5424.34
20190513,341601031,23113.01,7257.66
20190513,341601037,12644.86,7459.1
20190513,341621002,17811.56,6397.52
20190513,341621003,16976.84,6560.64
20190513,341621004,19288.63,7223.36
20190513,341621005,19912.68,7472.71
20190513,341621007,43949.31,14176.07
20190513,341621008,29706.91,7418.45
20190513,341621009,15754.36,6437.34
20190513,341621010,10598.47,4060.41
20190513,341621011,36411.54,6889.25
20190513,341621012,32110.96,9106.36
20190513,341621013,37264.49,7915.66
20190513,341621014,29285.74,6689.65
20190513,341621015,39904.11,8757.44
20190513,341621016,40446.31,12340.88
20190513,341621017,31689.36,7728.22
20190513,341621018,19286.65,8827.25
20190513,341621019,24463.98,9183.54
20190513,341621020,20607.88,4134.12
20190513,341621021,33615.75,11963.77
20190513,341621022,39950.06,10418.01
20190513,341621023,30957.1,9058.2
20190513,341621024,15823.8,5284.12
20190513,341621025,22397.85,5754.92
20190513,341621026,34170.48,10105.58
20190513,341621027,22846,5216.04
20190513,341621028,30715.68,10371.54
20190513,341621029,37177.97,8677
20190513,341622001,24019.55,5217.2
20190513,341622002,30581.15,6982.07
20190513,341622003,20040.78,6164.41
20190513,341622004,15725.95,3768.29
20190513,341622005,36092.27,6872.15
20190513,341622006,21059.3,6065.8
20190513,341622007,22576.69,5620
20190513,341622008,28918.62,9642.67
20190513,341622009,22394.6,4786.79
20190513,341622010,32506.43,13285.62
20190513,341622012,22432.48,4803.1
20190513,341622013,37679.55,14787.45
20190513,341622014,23569.35,6726.74
20190513,341622015,41978,11232.04
20190513,341622016,37142.73,10635.24
20190513,341622017,24145.39,6100.4
20190513,341622018,24067.15,6838.62
20190513,341622019,21821.55,4243.11
20190513,341622020,23160.31,7006.11
20190513,341622021,23432.03,5271.86
20190513,341623001,20468.94,5244.65
20190513,341623002,18157.24,5512.02
20190513,341623003,43163.81,12971.97
20190513,341623005,18722.43,5034.86
20190513,341623006,33013.58,6666.71
20190513,341623008,17361.78,6461.43
20190513,341623009,14324.61,3128.38
20190513,341623010,21401.2,5672.19
20190513,341623011,32226.88,7442.73
20190513,341623012,35430.28,5963.26
20190513,341623013,47724.35,13156.01
20190513,341623014,41759.9,10469.93
20190513,341623015,16786,3150.8
20190513,341623016,42983.41,7062.55
20190513,341623017,21055.35,6255.14
20190513,341623018,29363.75,5698.86
20190513,341623019,24492.66,4601.12
20190513,341623020,33779.46,6728.17
20190513,341623021,29122.52,6314.03
20190513,341623022,23275.57,6998.44
20190513,341623023,15340.01,4138.29
20190513,341623024,25946.33,8502.38
20190513,341701002,14874.05,1770.91
20190513,341701005,9174.91,2439.23
20190513,341701007,22277.55,3747.43
20190513,341701008,14961.26,2584.98
20190513,341701009,18606.75,1934.08
20190513,341701011,20968.49,2385.15
20190513,341701012,26347.3,5015.72
20190513,341701013,12676.37,2149.94
20190513,341701014,14045.15,3056.46
20190513,341701015,12906.14,3197.43
20190513,341701016,19993.47,4456.68
20190513,341701017,30081.77,5934.8
20190513,341701018,17339.39,2667.94
20190513,341701019,15440.53,3064.88
20190513,341701020,9445.39,2479.5
20190513,341701021,10995.46,2247.89
20190513,341701022,31129.81,7809.06
20190513,341701023,25043.01,4278.41
20190513,341701024,12448.84,2984.45
20190513,341701025,27462.91,4225.51
20190513,341701026,28974.04,6019.11
20190513,341701027,6209.77,2668.33
20190513,341701028,16129.38,3151.21
20190513,341721002,47758.77,4458.84
20190513,341721004,35978.5,4728.37
20190513,341721005,30230.76,5080.68
20190513,341721006,31173.73,3365.04
20190513,341721007,27531.85,4788.04
20190513,341721008,17470.46,2894.98
20190513,341721009,23806.4,3122.11
20190513,341721010,35158.79,6229.14
20190513,341721011,40519.68,6667.74
20190513,341721012,22209.42,4112
20190513,341721013,9388.31,1415.27
20190513,341721014,12548.83,1941.07
20190513,341721015,7310.97,1053.02
20190513,341721016,30991.48,7049.07
20190513,341721017,9123.31,1927.66
20190513,341721018,19934.23,5002.55
20190513,341721019,45527,8576.77
20190513,341721020,26315.1,4139.96
20190513,341721021,14034.99,2378.54
20190513,341722002,12143.31,2867.57
20190513,341722003,5712.45,1279.5
20190513,341722004,12188.37,2633.04
20190513,341722005,8107.98,1386.36
20190513,341722006,10774.91,2542.59
20190513,341722007,20914.02,4073.89
20190513,341722008,9875.95,1950.14
20190513,341723001,17798.62,3777.47
20190513,341723003,13016.69,1723.37
20190513,341723004,21621.26,3461.91
20190513,341723005,13963.67,1728.1
20190513,341723006,15712.24,1829.86
20190513,341723007,13157.7,1903.87
20190513,341723008,23678.24,3921.57
20190513,341723009,8204.65,922.78
20190513,341723010,22829.61,3547.98
20190513,341723011,12690.41,2171.07
20190513,341723013,9238.7,1427.59
20190513,341801001,27452.49,5748.15
20190513,341801004,20707.02,3805.96
20190513,341801005,38402.7,11927.38
20190513,341801007,23279.55,6171.48
20190513,341801008,25139.94,4185.98
20190513,341801009,11219.86,2755.36
20190513,341801010,23717.81,5579.04
20190513,341801011,29790.96,6508.45
20190513,341801013,15470.74,2476.03
20190513,341801015,23795.45,6056.37
20190513,341801016,38268.3,6691.75
20190513,341801017,27884.79,5841.68
20190513,341801018,34356.1,7540.2
20190513,341821002,13526.03,3922.34
20190513,341821004,14032.01,2352.56
20190513,341821005,12736.94,2242.88
20190513,341821006,10629.03,1363.15
20190513,341821007,42210.63,7706.95
20190513,341821008,20603.07,5681.31
20190513,341821009,18462.05,3433.21
20190513,341821010,19414.32,5156.7
20190513,341822002,18855.53,5379.78
20190513,341822003,14982.19,3813.08
20190513,341822004,12995.41,3992.11
20190513,341822006,21860.58,5909.07
20190513,341822007,20027.9,5435.58
20190513,341822008,14954.74,4898.03
20190513,341822009,21779.03,5974.48
20190513,341822010,22831.78,6763.75
20190513,341822011,14611.41,4956.91
20190513,341822012,11780.24,3428.54
20190513,341823001,10481.5,1215.16
20190513,341823002,13511.3,2057.79
20190513,341823003,16624.51,2853.35
20190513,341823005,16361.19,3018.85
20190513,341823006,11130.47,1969.51
20190513,341823007,19625.56,2897.59
20190513,341823008,26379.98,3248.38
20190513,341823009,13431.06,1996.02
20190513,341823010,17321.85,3378.06
20190513,341823011,13130.57,1998.14
20190513,341823012,10346.18,1519.28
20190513,341823013,10882.15,2838.14
20190513,341823014,29062.84,6695.32
20190513,341823016,10924.26,3763.73
20190513,341824002,40237.31,12099.76
20190513,341824004,12946.8,2409.29
20190513,341824005,8942.4,1616.34
20190513,341824006,8613.7,1740.04
20190513,341824007,8930.77,1321.12
20190513,341824008,9916.54,1336.21
20190513,341824009,9099.67,1195.36
20190513,341825002,9008.25,1604.13
20190513,341825003,20327.07,3102.33
20190513,341825004,10010.6,2001.99
20190513,341825005,12505.38,2963.41
20190513,341825006,15946.68,2967.11
20190513,341825007,17775.06,3416.82
20190513,341825008,8353.23,2318.61
20190513,341825012,5253.43,1350.69
20190513,341881002,23798.41,4460.37
20190513,341881003,10387.4,2051.68
20190513,341881004,9456.17,2565.55
20190513,341881005,4972.03,1083.52
20190513,341881006,16073.39,4988.83
20190513,341881007,4768.41,1191.62
20190513,341881008,8170.45,2072.27
20190513,341881009,8517.9,1761.9
20190513,341881010,8711.66,2084.73
20190513,341881011,22010.72,6666.59
20190513,341881013,27067.88,5877.01
20190513,341881014,10814.06,2576.7
20190513,341881015,18450.62,7317.6
20190513,341881016,19692.79,5445.39
