#日期,机构,余额,活期余额
20190509,340101011,30637.08,8029.16
20190509,340101012,37508.46,17017.98
20190509,340101015,23112.13,6138.9
20190509,340101016,38296.24,9558.43
20190509,340101017,18396.38,5468.35
20190509,340101018,20580.6,5617.97
20190509,340101021,12643.38,4790.14
20190509,340101023,9485.65,3719.84
20190509,340101024,14809.66,2857.2
20190509,340101025,27817.84,6439.89
20190509,340101028,42063.98,11065.68
20190509,340101029,10367.3,2840.27
20190509,340101031,29458.98,7409.46
20190509,340101032,23681.53,6729.65
20190509,340101034,22491.1,6910.01
20190509,340101036,22087.85,5125.4
20190509,340101037,20402.53,7587.95
20190509,340101038,18603.03,4361.61
20190509,340101039,14030.24,2665.91
20190509,340101040,19299.79,4596.79
20190509,340101042,12601.75,3450.19
20190509,340101043,29708.01,5794.81
20190509,340101044,10571.15,3372.64
20190509,340101045,47103.84,7284.47
20190509,340101047,13438.66,3085.76
20190509,340101049,10411.51,3488.3
20190509,340101050,29491.66,6909.57
20190509,340101051,23609.33,12016.86
20190509,340101052,15387.67,2974.01
20190509,340101053,12584.18,3486.67
20190509,340101054,13856.93,5222.87
20190509,340101057,13936.99,4440.3
20190509,340101059,10851.1,2413.43
20190509,340101061,13847.66,4575.04
20190509,340101062,14607.95,4702.63
20190509,340101064,36118.38,10584.59
20190509,340101065,22256.32,4106.56
20190509,340101066,6470.67,1559.13
20190509,340101067,13813.37,5572.84
20190509,340121001,21109.92,6997.9
20190509,340121003,7252.23,3098.61
20190509,340121004,18109.32,6462.16
20190509,340121005,36870.38,9944.75
20190509,340121007,31746.02,8698.51
20190509,340121008,23285.36,6965.97
20190509,340121009,22655.52,9890.97
20190509,340121010,16967.74,6832.17
20190509,340121011,29202.37,13376.45
20190509,340121017,17086.23,5990.99
20190509,340121018,22887.82,8134.96
20190509,340121020,5890.63,1960.83
20190509,340122001,38676.64,12960.27
20190509,340122002,34083.94,9126.89
20190509,340122003,14521.3,2889.24
20190509,340122004,8307.82,3335.22
20190509,340122005,3485.53,1208.11
20190509,340122006,33324.98,9090.96
20190509,340122007,21296,3686.25
20190509,340122008,24931.77,7533.01
20190509,340122009,24170.49,9490.61
20190509,340122011,32206.68,4689.98
20190509,340122012,15796.77,3220.88
20190509,340122013,20176.04,6122.62
20190509,340122014,19631.1,5134.83
20190509,340122015,14328.6,4081.63
20190509,340122016,23466.6,4398.8
20190509,340122017,16031.34,5884.77
20190509,340122018,12756.41,5301.21
20190509,340122019,22762.3,3264.52
20190509,340122020,26964.2,8567.54
20190509,340122021,25225.95,7142.81
20190509,340123001,33069.9,8533.59
20190509,340123005,48800.96,9686.17
20190509,340123006,34945.04,8056.72
20190509,340123007,52201.13,9458.95
20190509,340123008,43179.19,9762.28
20190509,340123010,25756.31,6125.2
20190509,340123011,55006.46,14808.55
20190509,340123013,43428.16,9690.74
20190509,340123014,24190.85,4829.71
20190509,340123015,34243.96,7500.25
20190509,340123016,36632.63,7034.78
20190509,340123018,34911.88,9795.97
20190509,340123019,33538.56,7212.79
20190509,340124001,19957,5189.66
20190509,340124002,44208.37,11959.03
20190509,340124003,24086.94,4498.06
20190509,340124004,35839.57,4453.99
20190509,340124005,32781.65,5406.65
20190509,340124006,23717.44,4949.09
20190509,340124008,32190.65,3227.04
20190509,340124009,43033.56,5637.48
20190509,340124010,11565.8,2274.96
20190509,340124011,31174.97,5936.8
20190509,340124012,23812.56,3324.13
20190509,340124013,18913.76,3240.46
20190509,340124014,33051.62,7826.76
20190509,340124015,28013.02,5201.76
20190509,340124016,27679.83,5271.75
20190509,340124017,19056,3725.8
20190509,340124018,29758.25,6174.82
20190509,340124019,17838.29,2149.24
20190509,340124020,4652.51,949.31
20190509,340124021,16681.58,3237.67
20190509,340124022,26669.67,3598.97
20190509,340124023,8881.58,1774.17
20190509,340124024,24878.85,2149.74
20190509,340124025,16510.76,5185.29
20190509,340181003,13177.71,2294.85
20190509,340181004,23945.52,7033.32
20190509,340181005,17437.19,2887.43
20190509,340181006,22261.01,3671.57
20190509,340181007,22025.01,3628.78
20190509,340181008,8432.01,1755.96
20190509,340181009,12502.65,2211.15
20190509,340181010,39163.57,8618.44
20190509,340181011,23842.42,6773.46
20190509,340181012,17340.65,5145.28
20190509,340181013,12728.1,2741.77
20190509,340181016,21023.52,2219.49
20190509,340181017,24482.26,3912.32
20190509,340181018,28823.57,4174.45
20190509,340181020,36538.88,6084.4
20190509,340181021,25707.1,3552.22
20190509,340181022,21796.51,3762.8
20190509,340181023,21522.2,5216.22
20190509,340181024,13593.88,2662.42
20190509,340181025,17694.62,2103.41
20190509,340181026,15635.1,4320.67
20190509,340201002,8519.62,2026.54
20190509,340201005,12041.45,2436.96
20190509,340201006,11918.36,2402.91
20190509,340201010,9724,1992.51
20190509,340201011,9252.08,1936.88
20190509,340201013,11760.93,2185.48
20190509,340201015,11451.43,2807.34
20190509,340201016,18287.11,3847.03
20190509,340201017,14988.22,4087.25
20190509,340201018,14975.91,2623.82
20190509,340201019,11041.67,1923.3
20190509,340201020,17815.99,4420.58
20190509,340201021,19761.82,5016.93
20190509,340201022,9559.79,1818.57
20190509,340201023,12503.21,2453.93
20190509,340201024,10982.7,2578.79
20190509,340201026,17688.82,4941.78
20190509,340201027,11629.28,2825.92
20190509,340201028,16363.51,3239.93
20190509,340201032,10653.43,3411.07
20190509,340201034,9814.67,2520.11
20190509,340201037,31675.48,4789.89
20190509,340201038,10856.48,2233.58
20190509,340201039,30766.05,9449.14
20190509,340201040,34070.83,6027.19
20190509,340201041,22947.54,4646.9
20190509,340201042,28643.25,6764.82
20190509,340201043,36956.39,7115.94
20190509,340201044,18609.34,3978.86
20190509,340201045,38823.83,8318.88
20190509,340201047,21076.34,6403.01
20190509,340201049,13373.05,3791.44
20190509,340201052,28915.13,6077.54
20190509,340201053,17913.23,3905.89
20190509,340201054,49451.76,10378.43
20190509,340201055,22984.19,4204.99
20190509,340221002,18194.37,5256.31
20190509,340221003,18419.75,4602.86
20190509,340221004,18989.51,5065.71
20190509,340221007,18014.71,4256.73
20190509,340221010,27408.26,8766.5
20190509,340221012,29753.16,4748.98
20190509,340221013,31635.75,8045.84
20190509,340222002,14902.36,3465.18
20190509,340222003,37314.15,7504.53
20190509,340222005,13133.86,2381.56
20190509,340222007,21526.7,4797.65
20190509,340222009,10046.61,1762.03
20190509,340222010,25841.31,4832.55
20190509,340222011,32073.64,5291.14
20190509,340222012,14611.81,2270.12
20190509,340222016,10782.46,2531.21
20190509,340222017,15402.82,3089.35
20190509,340222022,18173.15,3892.11
20190509,340223002,42839.59,8155.02
20190509,340223003,34097.69,6158.77
20190509,340223004,29610.96,6521.3
20190509,340223005,40467.59,9622.89
20190509,340223006,47730.98,8217.83
20190509,340223008,28261.93,4793.14
20190509,340223009,29179.59,5246.94
20190509,340223010,18066.91,3457.57
20190509,340223011,17222.67,3965.86
20190509,340223012,23609.77,4770.48
20190509,340223013,16785.06,3292.86
20190509,340223014,19605.32,3616.32
20190509,340223017,11080.41,1724.62
20190509,340223018,11683.19,1536.63
20190509,340225001,28098.15,9878.38
20190509,340225002,29758.2,5879.4
20190509,340225004,48168,5752.62
20190509,340225006,22943.91,3430.2
20190509,340225007,67365.75,15163.29
20190509,340225008,37757.04,4523.97
20190509,340225009,29798.96,5896.03
20190509,340225010,21239.33,4017.07
20190509,340225011,21861.55,3501.2
20190509,340225012,29572.52,6493.7
20190509,340225013,24328.83,5000.49
20190509,340225014,38452.09,8933.53
20190509,340225015,41369.36,6919.05
20190509,340225016,27510.08,4315.02
20190509,340225017,44608.8,12435.47
20190509,340225018,24641.33,6442.02
20190509,340225019,18920.62,3963.07
20190509,340225020,10723.65,1546.84
20190509,340225021,16216.99,2237.94
20190509,340225022,9733.96,2036.5
20190509,340301002,6889.95,2334.08
20190509,340301003,5825.52,1595.8
20190509,340301004,12334.77,4042.34
20190509,340301007,7908.14,2688.35
20190509,340301008,7452.08,1717.64
20190509,340301009,7144.92,1743.34
20190509,340301010,12660.3,4072.32
20190509,340301011,11409.57,2650.18
20190509,340301013,10023.76,2616.66
20190509,340301014,9321.34,2059.21
20190509,340301015,4093.94,1141.97
20190509,340301016,15262.32,2336.02
20190509,340301017,9529.45,2649.73
20190509,340301018,6439.59,2026.29
20190509,340301019,2339.12,828.18
20190509,340301020,9724.5,2353.15
20190509,340301021,7565.92,1915.48
20190509,340301022,12591.23,4328.29
20190509,340301024,9229.26,3197.4
20190509,340301025,24502.53,8560.86
20190509,340301026,20942.37,4813.78
20190509,340321002,8871.77,3827.44
20190509,340321003,15237.59,9695.23
20190509,340321004,11793,6846.55
20190509,340321005,12371.84,5558.13
20190509,340321006,11732.18,5609.84
20190509,340321007,14245.8,6307.26
20190509,340321008,8935.55,4458.42
20190509,340321009,13103.39,6978.08
20190509,340321010,17689.17,9717.7
20190509,340321011,24746.53,13726.37
20190509,340321012,12830.79,6393.79
20190509,340321013,9576.65,3183.29
20190509,340321014,10275.01,6522.7
20190509,340321015,12198.08,6686.4
20190509,340321016,10024.72,5396.23
20190509,340321018,12765.61,10045.33
20190509,340321019,14794.55,9122.76
20190509,340321020,10670.06,5551.09
20190509,340321021,13025.62,6011.28
20190509,340321023,10534.73,5325.84
20190509,340321024,10087.72,5360.46
20190509,340321025,18449.03,9505.67
20190509,340322001,16329.15,5828.05
20190509,340322002,33122.38,12029.94
20190509,340322003,12083.68,4680.09
20190509,340322004,24199.94,10411.36
20190509,340322005,20401.17,6947.93
20190509,340322006,26564.35,8613.78
20190509,340322007,19213.29,6575.51
20190509,340322008,29713.97,11955.48
20190509,340322010,29173.85,10025.82
20190509,340322011,26915.01,10633.76
20190509,340322012,19552.51,7286.97
20190509,340322013,18785.67,6690.5
20190509,340322015,13248.66,4404.88
20190509,340322016,20512.69,6885.59
20190509,340322017,15797.2,6736.67
20190509,340322021,10966.97,3452.8
20190509,340323001,11256.94,4383.12
20190509,340323002,10614.46,4034.36
20190509,340323003,19165.2,6484.09
20190509,340323006,19493.21,7111.39
20190509,340323007,23043,6197.35
20190509,340323008,18193.08,7081.08
20190509,340323009,16529.1,5738.33
20190509,340323010,16334.4,6933.91
20190509,340323011,13653.23,6234.44
20190509,340323012,14996.97,5723.98
20190509,340323013,5961.78,1696.36
20190509,340323014,7504.24,2881.91
20190509,340323015,5198.35,2370.97
20190509,340323016,14546.04,5224.12
20190509,340323017,19284.92,7455.26
20190509,340323018,12695.16,4016.98
20190509,340323019,14054.97,6478.25
20190509,340323020,10816.45,4239.55
20190509,340323021,9153.48,3619
20190509,340323022,11638.32,4878.68
20190509,340323023,10585.12,3587.3
20190509,340323024,12948.4,4706.53
20190509,340401002,10106.8,2647.37
20190509,340401004,13056.2,2770.88
20190509,340401005,12031.15,2076.61
20190509,340401006,11435.43,2238.12
20190509,340401007,8455.84,1902.01
20190509,340401009,22418.5,3177.79
20190509,340401010,10586.71,2378.63
20190509,340401011,17055.9,3940.45
20190509,340401012,12537.04,2148.31
20190509,340401013,13242.59,3632.53
20190509,340401014,24417.51,3919.04
20190509,340401015,13758.32,2444.44
20190509,340401016,14698.67,3739.14
20190509,340401017,15012.97,3357.21
20190509,340401018,14638.07,2730.74
20190509,340401019,15756.57,1662.25
20190509,340401020,23426.27,3979.68
20190509,340401021,16906.77,3720.94
20190509,340401022,20016.8,3746.38
20190509,340401026,24888.93,4632.07
20190509,340401028,15401.16,1882.33
20190509,340401029,20077.39,4148.69
20190509,340401031,16577.52,3177.53
20190509,340401032,20329.47,2771.07
20190509,340401033,20082.42,3926.68
20190509,340401035,13722.3,1688.71
20190509,340401036,16272.76,3206.37
20190509,340401038,12045.88,1263.73
20190509,340401040,25866.44,5412.5
20190509,340401041,14195.48,6849.18
20190509,340401042,33219.94,8939.13
20190509,340401043,26399.94,4516.68
20190509,340401047,36315.12,10994.38
20190509,340401048,18992.03,4054.76
20190509,340401049,17873.92,4491.42
20190509,340401051,21114.55,6571.62
20190509,340401052,15495.38,2487.22
20190509,340401053,13844.84,2338.27
20190509,340421002,20596.82,6087.07
20190509,340421003,30168.7,7919.19
20190509,340421004,51718.09,13926.68
20190509,340421005,31984.22,9651.36
20190509,340421006,26791.03,7633.18
20190509,340421007,25001.7,9142.22
20190509,340421008,43144.05,11411.07
20190509,340421009,27396.7,8250.73
20190509,340421010,34611.59,8893.41
20190509,340421012,25387.6,6391.82
20190509,340421013,29844.58,8301.85
20190509,340421014,24649.82,8513.59
20190509,340421015,31820.78,8742.96
20190509,340421016,26823.06,6265.65
20190509,340421017,34554.03,7909.22
20190509,340421019,23872.19,6043.82
20190509,340422101,32860.91,9153.27
20190509,340422102,17956.04,6129.42
20190509,340422103,19208.92,4255.97
20190509,340422105,20048.62,4430.67
20190509,340422106,32014.27,5774.49
20190509,340422107,14221.31,4537.64
20190509,340422108,20618.33,6735.09
20190509,340422109,18170.24,2692.56
20190509,340422110,17757.3,4497.26
20190509,340422111,22743.12,7454.6
20190509,340422112,25385.57,6125.82
20190509,340422113,7779.49,2387.62
20190509,340422114,22835.43,6160.01
20190509,340422115,10181.23,3262.84
20190509,340422117,28609.88,8006.92
20190509,340422118,39005.86,6836.52
20190509,340422119,18246.84,3611.45
20190509,340422120,21861.51,4634.74
20190509,340422121,39544.03,6236.06
20190509,340422122,27496.85,5793.55
20190509,340422123,12654.87,2335.23
20190509,340422125,18545.37,3715.32
20190509,340422126,28505.18,4696.27
20190509,340422127,14193.93,2570.57
20190509,340422128,35792.32,6970.76
20190509,340422129,13958.03,3606.9
20190509,340501001,6146.22,1278.53
20190509,340501003,14686.51,2581.9
20190509,340501004,10798.97,1458.09
20190509,340501006,5117.13,1094.59
20190509,340501007,8758.39,1592.79
20190509,340501008,6485.16,2078.06
20190509,340501009,19773.57,2888.59
20190509,340501010,9687.69,2409.76
20190509,340501012,8317.35,2072.38
20190509,340501013,7314.9,1114.72
20190509,340501014,19348.73,2325.83
20190509,340501015,8756.97,1426.94
20190509,340501016,4702.17,771.66
20190509,340501017,11200.77,1723.84
20190509,340501019,19059.32,4348.62
20190509,340501020,12875.55,1965.73
20190509,340501021,14814.67,2102.46
20190509,340501023,13256.99,1425.56
20190509,340501025,11346.11,2221.21
20190509,340501029,14610.04,2201.84
20190509,340501030,19057.17,3755.07
20190509,340521001,37150.99,6696.66
20190509,340521003,14998.54,2329.5
20190509,340521004,22130.7,5144.38
20190509,340521006,28892.03,3541.02
20190509,340521010,23179,5478.59
20190509,340521011,11865.85,2805.12
20190509,340521012,22940.25,6747.92
20190509,340521013,20847.69,3176.95
20190509,340521014,20978.82,3994.13
20190509,340521017,12737.33,3271.75
20190509,340521019,14823.75,3626.66
20190509,340521020,22504.6,4267.48
20190509,340521021,28872.6,5415.02
20190509,340521022,31551.22,5311
20190509,340521023,22446.75,5963.22
20190509,340521024,18248.75,5948.26
20190509,340521025,9853.12,3926.36
20190509,340522001,15830.69,3304.99
20190509,340522003,24584.27,4846.2
20190509,340522004,10835.36,1822.93
20190509,340522006,27180.2,6224.52
20190509,340522007,13534.38,3588.07
20190509,340522008,18934.67,5724.51
20190509,340522009,15459.32,3763.51
20190509,340522010,6905.61,1447.51
20190509,340522011,11138.18,2055.53
20190509,340522013,30342.17,4561.91
20190509,340522015,6522.61,1520.15
20190509,340523001,34969.18,7046.04
20190509,340523002,18967.28,4153.46
20190509,340523004,14765.05,2431.32
20190509,340523005,31766.97,5027.01
20190509,340523006,15868.64,2107.22
20190509,340523007,17849.32,5934.47
20190509,340523008,30452.14,5502.56
20190509,340523009,23426.14,6665.84
20190509,340523010,21383.55,4574.65
20190509,340523012,41952.71,6274.92
20190509,340523013,21956.76,3156.09
20190509,340601002,9838.13,2729.86
20190509,340601003,12260.88,2363.26
20190509,340601006,12003.89,3865.2
20190509,340601007,14610.73,4534.28
20190509,340601008,13849.1,4203.23
20190509,340601009,15988.15,4648.81
20190509,340601010,8756.35,1841.72
20190509,340601011,20365.73,3949.29
20190509,340601013,25874.2,4480.77
20190509,340601016,9326.11,2058.56
20190509,340601017,13251.35,3322.41
20190509,340601018,12935.2,1883.19
20190509,340601019,12689.99,2031.45
20190509,340601020,11449.1,1698.67
20190509,340601021,20367.94,4341.24
20190509,340601023,14433.29,2350.1
20190509,340601024,11920.94,2732.21
20190509,340601026,32784.22,5722.58
20190509,340601027,15918.98,3920.81
20190509,340601028,12180.25,3239.27
20190509,340601030,21685.38,5610.52
20190509,340601031,26511.33,5655.07
20190509,340601032,27750.22,5318.66
20190509,340601033,31927.94,6091.68
20190509,340601036,43850.7,8340.63
20190509,340621002,19583.58,4618.85
20190509,340621003,18250.99,5344.79
20190509,340621005,32022.4,6279.27
20190509,340621006,32692.3,10127.78
20190509,340621007,50600.65,9270.8
20190509,340621010,10891.7,2096.89
20190509,340621012,35945.69,7620.32
20190509,340621013,40856.7,8705.39
20190509,340621014,29959.5,7579.3
20190509,340621015,31767.23,7491.97
20190509,340621016,50847.22,11508.99
20190509,340621017,13351.9,3967.98
20190509,340621018,43906.89,12642.04
20190509,340621019,50012.64,15852.36
20190509,340621020,22880.71,5855.69
20190509,340621021,31397.97,7582.9
20190509,340621023,42338.03,9911.1
20190509,340621031,28251.61,6137.38
20190509,340621034,19163.06,5427.66
20190509,340701004,5040.18,1531.3
20190509,340701005,11825.42,2938.93
20190509,340701007,23746.36,4873.74
20190509,340701008,13535.63,2684.11
20190509,340701009,11981.38,2644.27
20190509,340701010,12477.46,2773.01
20190509,340701011,9163.03,2738.96
20190509,340701012,8513.91,1757.54
20190509,340701013,14497.77,2417.12
20190509,340701014,6136.95,1549.72
20190509,340701015,37264.18,5952.85
20190509,340701017,15116.07,2588.3
20190509,340701018,19793.73,3326.39
20190509,340701019,5864.47,2088.3
20190509,340701020,11277.91,2574.19
20190509,340701021,25050.84,3541.55
20190509,340701022,7382.79,1849.54
20190509,340701023,6821.01,1221.91
20190509,340701025,17873.15,4184.65
20190509,340701028,13996.59,2465.56
20190509,340701035,16497.75,2927.93
20190509,340701036,25581.17,3169.68
20190509,340701037,10246.04,1391.16
20190509,340701038,25262.77,3461.57
20190509,340701039,16753.3,2048.34
20190509,340701040,14831.75,1782.48
20190509,340701041,26459.88,3308.9
20190509,340701042,27389.4,3649.24
20190509,340701043,9336.69,1672.01
20190509,340701044,13674.09,1866.49
20190509,340701045,10909.46,1726.99
20190509,340701046,16011.5,1899.56
20190509,340701047,20597.01,3218.78
20190509,340701048,6730,1077.33
20190509,340722102,17203.3,1586.21
20190509,340722103,32775.51,5394.05
20190509,340722104,20086.46,1885.93
20190509,340722105,28962.62,3554.89
20190509,340722106,38901.84,3922.44
20190509,340722107,66752.19,7458.29
20190509,340722108,40660.18,4194.13
20190509,340722109,51875.16,4011.87
20190509,340722110,44440.21,3592.05
20190509,340722111,39330.92,3191.31
20190509,340722112,92810.01,10284.7
20190509,340722113,40905.23,4751.79
20190509,340722114,51354.53,5380.51
20190509,340722115,22850.73,2494.91
20190509,340722116,15751.72,1044.37
20190509,340722118,15897.3,1902.03
20190509,340722119,52662.15,5156.45
20190509,340722121,19353.79,2685.54
20190509,340722122,36796.4,3418
20190509,340722123,26036.97,2573.75
20190509,340722124,33560.15,3397.44
20190509,340722125,31498.1,2692.19
20190509,340722126,30677.51,7033.57
20190509,340801003,28971.52,3953.79
20190509,340801004,27040.97,3857.78
20190509,340801005,19358.78,1751.86
20190509,340801006,35341.18,10528.45
20190509,340801007,13636.49,3128.58
20190509,340801012,24686.29,2205.7
20190509,340801013,17240.91,2184.24
20190509,340801015,21775,3175.58
20190509,340801016,12052.78,1638.22
20190509,340801017,25074.11,1989.14
20190509,340801018,34419.55,3877.65
20190509,340801019,30278.33,4535.16
20190509,340801020,35745.96,4278.85
20190509,340801021,21543.58,4286.59
20190509,340801022,32341.9,6762.32
20190509,340801023,30765.07,5700.94
20190509,340801024,20382,3479.32
20190509,340801025,23613.35,6777.82
20190509,340801032,40477.58,6063.02
20190509,340801033,59172.29,7833.43
20190509,340801034,31323.31,11162.47
20190509,340822002,20149.29,2953.51
20190509,340822003,31563.83,3366.25
20190509,340822004,49052.33,10682.32
20190509,340822005,21155.84,4539.67
20190509,340822006,82281.98,8859.2
20190509,340822007,26164.32,4280.53
20190509,340822008,30152.52,6513.08
20190509,340822009,57283.28,8840.12
20190509,340822010,24410.94,4527.16
20190509,340822013,33023.83,4435.06
20190509,340822014,31286.7,4226.63
20190509,340822015,32617.81,4191.72
20190509,340822016,38038.53,6844.66
20190509,340822018,26942.08,3159.54
20190509,340822019,28108.18,4762.76
20190509,340822020,20205.6,1796.99
20190509,340822022,30203.03,3064.15
20190509,340822023,30071.39,4771.85
20190509,340822025,52703.43,8178.77
20190509,340822026,67767.65,8830.12
20190509,340822028,26505.68,3505.78
20190509,340822031,9672.37,1196.32
20190509,340824002,35967.3,5500.5
20190509,340824003,23933.43,2100.15
20190509,340824004,29790.85,4273.79
20190509,340824005,42365.94,5651.98
20190509,340824006,42696.63,10187.72
20190509,340824007,9173.38,1316.63
20190509,340824008,20245.71,3944.27
20190509,340824010,18798.33,2778.91
20190509,340824011,36057.03,4271.61
20190509,340824013,34416.36,6044.34
20190509,340824014,21506.26,4597.12
20190509,340824015,23038.56,3862.42
20190509,340824016,26524.95,3655.5
20190509,340824017,17971.34,2658.58
20190509,340824018,20654.24,3392.85
20190509,340824019,29720.7,3857.35
20190509,340824020,21255.66,4118.96
20190509,340824021,20499.61,5107.93
20190509,340825001,25598.03,4612.92
20190509,340825002,27834.1,5646.57
20190509,340825003,14593.3,2322.26
20190509,340825004,33756.28,11707.18
20190509,340825005,15057.49,4337.37
20190509,340825006,17212.07,4727.32
20190509,340825007,17287.47,3265.93
20190509,340825008,13224.28,4137
20190509,340825009,22705.39,5117.78
20190509,340825010,14097.32,3854.12
20190509,340825012,38319.54,7213.87
20190509,340825013,11283.16,3329.57
20190509,340825014,41186.25,7912.86
20190509,340825016,32441.63,8666.87
20190509,340825017,26208.32,5957.61
20190509,340826002,41388.49,8873.71
20190509,340826003,33543.49,5278.28
20190509,340826004,35031,6126.73
20190509,340826005,18120.81,3247.85
20190509,340826006,45797.96,10376.33
20190509,340826007,45085.92,10886.5
20190509,340826008,36807.57,9961.84
20190509,340826009,20037.78,5684.48
20190509,340826010,35175.18,8675.04
20190509,340826011,28077.17,6082.96
20190509,340826012,25113.28,5973.25
20190509,340826013,28376.2,7144.81
20190509,340826014,33240.3,6680.48
20190509,340826017,46501.03,9299.35
20190509,340826018,26973.9,7160.17
20190509,340826019,47136.84,9695.22
20190509,340826020,39598.01,10128.96
20190509,340826021,25035.34,4400.7
20190509,340826022,24543.03,4665.67
20190509,340827001,15023.57,2970.8
20190509,340827002,24371.66,4712.95
20190509,340827003,78634.19,10945.82
20190509,340827004,80418.59,11886.7
20190509,340827006,22741.06,4992.75
20190509,340827007,39779.75,4862.03
20190509,340827008,40320.46,7466.23
20190509,340827009,35854.79,6582.46
20190509,340827010,11550.93,1557.61
20190509,340827011,23698.04,4601.53
20190509,340827013,28972.75,4436
20190509,340827014,19840.07,3987.84
20190509,340827015,25134.11,5519.18
20190509,340827016,17383.81,4766.52
20190509,340827017,16004.71,2637.15
20190509,340827019,45300.5,5424.45
20190509,340827020,31696.68,5233.76
20190509,340827021,31229.01,4062.99
20190509,340827022,28139.18,6045.88
20190509,340827023,27909.75,4333.25
20190509,340828001,14626.05,4024.45
20190509,340828003,29180.65,6042.99
20190509,340828004,25080.37,8919.98
20190509,340828005,17079.03,5533.97
20190509,340828006,18670.42,4959.4
20190509,340828007,11559.88,2785.11
20190509,340828008,28864.05,4882.4
20190509,340828009,29481.81,5780.41
20190509,340828010,8690.89,2280.96
20190509,340828011,14029,4162.47
20190509,340881001,33782.65,5001.37
20190509,340881002,23259.1,3618.03
20190509,340881003,36258.66,5311.63
20190509,340881004,23841.85,2233.04
20190509,340881005,23514.53,2978.6
20190509,340881007,29450.02,2967.61
20190509,340881008,26724.21,2582.48
20190509,340881009,23884.75,3520.81
20190509,340881010,40071.93,5239.7
20190509,340881012,47076.21,6108.61
20190509,340881013,41939.65,4606.84
20190509,340881014,56462.02,7601.93
20190509,340881015,48358.07,6554.07
20190509,340881016,30266.32,4277.62
20190509,340881017,30251.99,3796.64
20190509,340881018,28070.2,4427.76
20190509,340881019,27297.01,2397.4
20190509,340881020,18999.42,2563.22
20190509,340881022,42477.93,4734.79
20190509,341001003,12419.5,3755.18
20190509,341001004,9403.73,2225.7
20190509,341001005,9784.26,2204.13
20190509,341001006,18615.79,2862.25
20190509,341001007,11485.64,2503.18
20190509,341001015,9115.25,1345.66
20190509,341003004,10374.1,1618.41
20190509,341003006,7660.48,1154.99
20190509,341003007,9766.25,1330.45
20190509,341003008,12953.7,2420.86
20190509,341003011,6453.25,856.26
20190509,341003012,6440.96,888.56
20190509,341003013,4223.6,799.75
20190509,341003014,3812.33,679.04
20190509,341003015,12652.28,1507.55
20190509,341003016,8646.62,1162.16
20190509,341003017,12504.05,2261.35
20190509,341003018,16251.49,2377.16
20190509,341003019,9725.28,1514.48
20190509,341003020,4203.78,445.95
20190509,341003022,5521.4,1456.32
20190509,341003023,3329.79,453.33
20190509,341021001,14266.6,1606.18
20190509,341021003,22485.17,3507.62
20190509,341021004,12081,1694.8
20190509,341021005,11094.96,1520.23
20190509,341021007,11816.27,1914.94
20190509,341021008,9342.04,1551.74
20190509,341021009,12325.43,1250.53
20190509,341021010,7825.72,842.4
20190509,341021011,21425.6,3410.61
20190509,341021012,22844.03,2852.49
20190509,341021013,6044.34,782.15
20190509,341021014,10242.5,1135.68
20190509,341021015,10472.8,1513.97
20190509,341021016,4931.13,763.19
20190509,341021017,16741.81,2205.28
20190509,341021018,16642.5,2623.38
20190509,341021019,19170.52,1959.03
20190509,341021022,15384.34,1881.03
20190509,341021024,3669.76,600.72
20190509,341021025,18531.33,2761.18
20190509,341021026,7544.65,824.9
20190509,341022003,8126.94,1172.97
20190509,341022004,10212.83,1382.45
20190509,341022005,14722.59,1091.33
20190509,341022006,14740.88,1608.22
20190509,341022008,6619.46,959.19
20190509,341022009,8824.05,943.38
20190509,341022010,11086.36,937.62
20190509,341022011,7352.1,1080.17
20190509,341022012,16870.11,1981.47
20190509,341022013,10513.73,1172.18
20190509,341022014,11547.05,1823.06
20190509,341023001,8334.74,1719.43
20190509,341023003,6163.8,1370.85
20190509,341023004,9978.98,1572.72
20190509,341023005,2733.06,377.4
20190509,341023006,4000.76,563.78
20190509,341023007,5291.04,1099.36
20190509,341024003,11334.6,839.14
20190509,341024004,11793.92,1190.99
20190509,341024005,14219.25,1742.68
20190509,341024006,19506.83,1955.77
20190509,341024007,18273.17,1661.43
20190509,341024008,11180.68,1595.25
20190509,341024009,16408.74,1967.98
20190509,341024010,9127.14,520.89
20190509,341101003,18068,3433.79
20190509,341101004,12890.3,2402.44
20190509,341101005,45303.41,8075.95
20190509,341101006,18871.78,2855.04
20190509,341101008,21570.1,3205.7
20190509,341101010,21132.05,4870.05
20190509,341101011,12724.34,2910.59
20190509,341101012,17858.96,3199.96
20190509,341101013,20293.52,3707.71
20190509,341101014,19353.71,4051.65
20190509,341101018,17129.84,2791.6
20190509,341101019,21841.24,4621.22
20190509,341122002,17614.6,3584.45
20190509,341122003,22314.25,4271.35
20190509,341122004,21085.68,4871.45
20190509,341122005,21365.14,8919.75
20190509,341122006,17961.42,2932.72
20190509,341122007,25037.68,3653.5
20190509,341122008,27108.24,6868.45
20190509,341122009,33404.62,4812.06
20190509,341122011,27470.58,3029.7
20190509,341124002,9558.91,2219.17
20190509,341124003,26999.5,6967.47
20190509,341124004,23197.15,3937.84
20190509,341124005,18658.11,3108.81
20190509,341124007,9218.19,2278.11
20190509,341124008,14670.75,3443.33
20190509,341124009,13663.89,3123.43
20190509,341124010,9903.86,2263.12
20190509,341124011,15007.72,2464.39
20190509,341124012,12748.25,4324.9
20190509,341124013,26292.15,4627.38
20190509,341125002,28846.22,11394.62
20190509,341125003,20615.2,6423.87
20190509,341125004,24163.93,5941.02
20190509,341125005,19732,5589.13
20190509,341125006,31132.06,6364.38
20190509,341125008,16010.24,4393.15
20190509,341125009,29295.62,7592.95
20190509,341125010,12566.76,3668.14
20190509,341125011,11859.27,3209.44
20190509,341125012,18760.11,6975.83
20190509,341125013,10127.58,3538.23
20190509,341126002,39205.12,15505.09
20190509,341126003,14270.07,11371.21
20190509,341126005,25927.45,7701.32
20190509,341126006,24053.51,11898.86
20190509,341126007,18916.69,5547.4
20190509,341126008,25846.24,9356.79
20190509,341126009,25711.54,10259.08
20190509,341126010,22308.77,7233.54
20190509,341126012,13479.67,3732.26
20190509,341181001,28853.93,4902.98
20190509,341181002,53222.32,10747.83
20190509,341181003,20937.48,5659.97
20190509,341181004,28073.79,6112.94
20190509,341181005,22895.53,4181.22
20190509,341181006,26027.42,5115.9
20190509,341181008,17187.26,3166.66
20190509,341181009,38174.84,12675.94
20190509,341181010,32838.67,5060.62
20190509,341181012,15354.31,3478.39
20190509,341181013,33035.5,5226.89
20190509,341181014,25579.61,3864.18
20190509,341182002,7756.04,1532.16
20190509,341182003,17476.88,5320.21
20190509,341182004,14706.91,2563.96
20190509,341182005,13448.13,3749.17
20190509,341182006,18636.69,4749.33
20190509,341182007,14503.58,5117.12
20190509,341182008,7755.27,2687.02
20190509,341182009,16845.45,5096.46
20190509,341182010,28463.52,6476.29
20190509,341182011,6129.42,835.11
20190509,341182013,19870.16,5252.02
20190509,341182014,18434.48,5305.89
20190509,341182015,20153.02,6697.78
20190509,341182016,10397.26,3251.99
20190509,341201001,21686.02,6913.61
20190509,341201002,12374.52,3498.54
20190509,341201003,11374.92,4550.72
20190509,341201004,21263.68,5986.51
20190509,341201005,30656.36,5557.86
20190509,341201007,13890.72,3329.1
20190509,341201008,18872.15,4923.58
20190509,341201009,24377.46,5912.02
20190509,341201011,14391.95,4595.37
20190509,341201012,29487.45,9550.06
20190509,341201013,24307.63,6089.76
20190509,341201014,11013.8,3607.6
20190509,341201015,20398.1,5736.53
20190509,341201016,18408.08,4185.01
20190509,341201017,20743.99,5823.71
20190509,341201018,21028.15,4722.83
20190509,341201019,20871.87,8239.02
20190509,341201020,32947.55,7104.83
20190509,341201021,20913.69,4785.93
20190509,341201023,34407.15,7050.12
20190509,341201025,34477.45,8816.67
20190509,341201026,25897.53,5317.38
20190509,341201027,31804.66,6133.75
20190509,341201028,34591.44,6735.18
20190509,341201030,44123.22,8664.55
20190509,341201031,20030.84,4144.44
20190509,341201032,19017.37,3989.62
20190509,341201033,31561.87,6253.42
20190509,341201034,28557.42,5850.82
20190509,341201035,13271.8,5703.52
20190509,341201037,17373.21,8075.96
20190509,341201038,21062.81,8502.62
20190509,341201042,34148.5,7874.05
20190509,341221001,47834.68,12493.65
20190509,341221002,37824.72,12097.14
20190509,341221003,37567.19,10423.49
20190509,341221004,44711.41,12334.97
20190509,341221005,38788.82,10042.91
20190509,341221006,40293.24,11128.92
20190509,341221007,45979.54,12196.7
20190509,341221008,37420.54,9692.62
20190509,341221009,33684.62,11740.13
20190509,341221010,52092.22,12679.5
20190509,341221011,34348,8272.02
20190509,341221012,71145.96,21231.09
20190509,341221013,49082.63,14972.3
20190509,341221015,31299.65,8550.3
20190509,341221016,33816.81,8733.22
20190509,341221017,35788.27,11997.87
20190509,341221018,36719.79,8668.54
20190509,341221019,54470.15,15693.96
20190509,341221020,33864.16,7171.2
20190509,341221021,40251.27,9625.57
20190509,341221022,31434.14,10227.28
20190509,341221023,37459.98,10057.86
20190509,341221024,22499.7,6360.7
20190509,341221025,20913.84,6971.4
20190509,341221026,39054.5,10228.58
20190509,341221027,40979.08,11001.22
20190509,341221028,30995.84,9291.3
20190509,341222001,25761.66,9924.09
20190509,341222002,18917.6,6022.43
20190509,341222003,36228.78,10402.33
20190509,341222004,10618.4,3923.92
20190509,341222005,24896.55,7735.86
20190509,341222006,15404.87,4892.27
20190509,341222007,36315.89,9085.09
20190509,341222009,31319.03,9888.87
20190509,341222010,57909.06,7944.8
20190509,341222011,68768.5,10505.27
20190509,341222012,47805.97,7863.54
20190509,341222013,51416.75,9830.07
20190509,341222014,74090.48,14513.63
20190509,341222015,47248.63,10568.78
20190509,341222016,53967.26,11491.31
20190509,341222017,42260.29,9859.85
20190509,341222018,48627.05,16838.88
20190509,341222019,72211.03,14404.61
20190509,341222020,34884.78,7672.95
20190509,341222021,44603.03,7833.59
20190509,341222022,43858.09,5853.31
20190509,341222023,32727.58,10070.19
20190509,341222024,48263.44,8701.74
20190509,341222025,51602.88,11092.94
20190509,341222026,43937.64,12204.7
20190509,341222027,38391.45,8431.19
20190509,341222028,28435.26,10087.28
20190509,341222029,34697.92,8041.41
20190509,341222030,38400.11,6542.27
20190509,341222031,32219.42,5827.29
20190509,341222035,26393.42,7155.46
20190509,341225001,19441.08,5745.96
20190509,341225002,21405.37,6586.04
20190509,341225003,21288.17,5685.26
20190509,341225004,30386.04,8354.36
20190509,341225005,13423.32,4039.28
20190509,341225006,48739.87,14595.91
20190509,341225008,30201.55,8651.13
20190509,341225009,33109.23,8967.34
20190509,341225011,30245.51,7214.09
20190509,341225012,26528.33,9275.88
20190509,341225013,50075.67,14946.13
20190509,341225014,34173.39,10978.29
20190509,341225015,49201.34,13774.69
20190509,341225016,32101.5,8153.4
20190509,341225017,34220,10549.12
20190509,341225018,58985.87,12631.28
20190509,341225019,27381.36,5587.34
20190509,341225020,29100.66,6322.2
20190509,341225021,36538.86,9308.94
20190509,341225023,19851.06,6980.13
20190509,341225027,20179.86,5308.89
20190509,341226001,26342.2,9458.57
20190509,341226002,42030.61,13058.26
20190509,341226004,27817.13,10595.76
20190509,341226005,36892.4,8868.08
20190509,341226006,26376.77,6723.59
20190509,341226007,22870.05,4805.71
20190509,341226008,23900.91,5767.52
20190509,341226009,31178.5,9324.15
20190509,341226011,23225.39,5905.07
20190509,341226012,26167.87,4730.27
20190509,341226013,18804.87,6270.14
20190509,341226014,26170.8,6655.24
20190509,341226015,27665.66,6732.99
20190509,341226016,24462.48,8733.49
20190509,341226017,18646.8,4079.82
20190509,341226018,28947.4,7230.8
20190509,341226019,30664.62,8033.62
20190509,341226020,21794.42,4390.35
20190509,341226021,30994.35,9346.21
20190509,341226022,25708.47,9214.91
20190509,341226023,12056.47,4910.89
20190509,341226026,16056.45,5811.39
20190509,341282001,21725.95,4800.3
20190509,341282002,21112.42,5023.7
20190509,341282003,34062.18,9890.6
20190509,341282004,25924.38,7073.81
20190509,341282005,34093.75,9577.15
20190509,341282006,45766.14,12135.07
20190509,341282007,34609.26,9476.33
20190509,341282008,31383.36,6928.44
20190509,341282009,26300.26,5478.41
20190509,341282010,20782.45,6132.03
20190509,341282011,32266.68,7439.02
20190509,341282013,36897.46,9823.7
20190509,341282014,25073.15,6407.92
20190509,341282015,26016.94,4920.94
20190509,341282016,37694.01,5994.75
20190509,341282019,24774.25,5906.68
20190509,341301001,28095.86,7000.25
20190509,341301002,12878.11,3679.98
20190509,341301003,10079.82,4882.72
20190509,341301004,30551.72,9867.03
20190509,341301005,25732.37,8091.85
20190509,341301006,19409.46,5542.85
20190509,341301007,19395.98,5142.83
20190509,341301009,24605,8453.75
20190509,341301010,27850.21,8776.36
20190509,341301011,14951.8,5234.75
20190509,341301012,12718.4,4876.7
20190509,341301013,32258.39,8980.78
20190509,341301014,33573.88,12557.45
20190509,341301015,45667.97,17710.27
20190509,341301017,22405.13,7069.55
20190509,341301020,30594.94,9031.28
20190509,341301021,23326.19,6874.45
20190509,341301023,42784.7,15881.42
20190509,341301025,43550.08,18235.77
20190509,341301026,43876.07,16971.8
20190509,341301027,52154.28,24337.27
20190509,341301028,42753.23,16257.68
20190509,341301029,32880.7,9292.52
20190509,341301030,30280.04,10194.49
20190509,341301032,40529.46,17640.42
20190509,341301034,32246.76,9303.21
20190509,341301036,19708.67,5516.51
20190509,341301038,26381.43,9360.99
20190509,341301039,21052.21,4574.95
20190509,341301040,49698.55,18508.34
20190509,341301041,26683.73,9903.69
20190509,341321001,21817.83,8829.06
20190509,341321002,17053.81,7483.63
20190509,341321003,20004.39,8620.23
20190509,341321004,43544.55,18453.04
20190509,341321005,32723.73,9391.62
20190509,341321006,31973.13,14798.9
20190509,341321007,52385.18,21598.43
20190509,341321008,20959.76,8039.8
20190509,341321009,28072.03,8301.94
20190509,341321010,15943.43,5199.49
20190509,341321011,24047.59,8150.78
20190509,341321012,29246.62,12107.1
20190509,341321013,34629.63,13264.83
20190509,341321014,41734.83,14880.73
20190509,341321016,17307.62,5860.24
20190509,341321017,28401.25,10314.02
20190509,341321018,32552.78,14333.28
20190509,341321019,34227.72,12584.28
20190509,341321020,19521.48,8465.44
20190509,341321021,34344.02,12920.85
20190509,341321022,27282.4,9598.13
20190509,341321023,15433.95,5172.27
20190509,341322002,60197.35,18972.96
20190509,341322004,26141.98,9030.32
20190509,341322005,34254.58,11594.57
20190509,341322006,44771.17,12958.54
20190509,341322007,28424.01,8186.37
20190509,341322008,20532.41,5819.32
20190509,341322012,18047.68,4657.62
20190509,341322013,27384.69,7093.05
20190509,341322014,32223.89,12960.64
20190509,341322015,40546.64,12046.65
20190509,341322016,19427.89,6244.04
20190509,341322017,31589.36,8758.85
20190509,341322018,20016.11,8679.23
20190509,341322019,18671.23,6601.19
20190509,341322020,18638.26,6699.62
20190509,341322021,18690.08,7268.88
20190509,341322022,24934.99,6921.02
20190509,341322023,38231.47,14182.95
20190509,341322024,18690.72,7498.57
20190509,341322025,19932.78,7642.99
20190509,341322026,32603.33,12341.44
20190509,341323002,26442.58,11873.77
20190509,341323003,29173.68,15170.87
20190509,341323004,32238.27,16760.61
20190509,341323005,37394.16,20271.62
20190509,341323006,39323.19,20624.76
20190509,341323008,29390.45,12209.8
20190509,341323009,31700.7,11670.91
20190509,341323010,42810.81,20891.35
20190509,341323011,32862.28,11546.07
20190509,341323012,34260.4,14382.57
20190509,341323013,39366.77,13714.63
20190509,341323014,29768.77,12642.8
20190509,341323016,23203.77,11701.03
20190509,341323017,25100.39,9609.17
20190509,341323018,37613.85,13108.36
20190509,341323019,35092.4,14909.33
20190509,341323020,26074.07,12800.02
20190509,341324001,31717.17,11510.23
20190509,341324003,35822.2,11506.39
20190509,341324004,33273.04,13405.6
20190509,341324005,58379.22,19723.48
20190509,341324006,38243.68,14589.32
20190509,341324007,44925.59,14835.11
20190509,341324008,27364.73,9277.77
20190509,341324009,38430.03,16377.74
20190509,341324010,39629.7,19427.17
20190509,341324011,37514.55,18041.55
20190509,341324012,41305.42,13521.11
20190509,341324015,13915.67,5061.41
20190509,341501001,19927.34,4813.85
20190509,341501002,21776.54,4126.91
20190509,341501003,26572.73,5207.88
20190509,341501005,21206.55,5708.23
20190509,341501007,26252.11,4509.91
20190509,341501008,22793.44,6038.96
20190509,341501011,27777.39,6261.88
20190509,341501012,37653.5,7287.06
20190509,341501013,42068.08,3270.47
20190509,341501014,28445.71,5282.02
20190509,341501015,56841.49,10806.23
20190509,341501017,28113.94,5464.08
20190509,341501018,41402.94,4306.74
20190509,341501019,22436.48,2927.66
20190509,341501020,44158.17,7499.3
20190509,341501021,44528.34,5682.52
20190509,341501022,25967.62,4569.73
20190509,341501023,50545.42,13095.32
20190509,341501024,31840.75,10613.26
20190509,341501025,25236.53,4513.32
20190509,341501026,18949.63,4576.8
20190509,341501027,23253.31,6093.29
20190509,341501028,26930.64,9774.37
20190509,341501029,19800.94,5124.57
20190509,341522001,26526.3,5596.51
20190509,341522002,25331.09,9063.5
20190509,341522004,41407.34,13685.48
20190509,341522005,53490.42,14375.31
20190509,341522006,37154.37,6639.73
20190509,341522007,40861.72,9985.54
20190509,341522008,30254.72,8860.85
20190509,341522009,30127.23,9895.99
20190509,341522010,28627.86,7539.39
20190509,341522011,31732.56,7339.35
20190509,341522012,44251.77,6178.57
20190509,341522013,37441.86,6795.98
20190509,341522014,25399.31,5276.72
20190509,341522015,44509.33,9488.18
20190509,341522016,25681.18,5489.56
20190509,341522018,23218.51,5665.52
20190509,341523001,57487.36,9949.63
20190509,341523003,27723.6,4532.54
20190509,341523004,22762.48,3404.59
20190509,341523005,42324.03,6233.28
20190509,341523006,23203.73,4368.18
20190509,341523007,17662.38,2566.67
20190509,341523008,21111.25,3489.63
20190509,341523009,30861.83,4957.78
20190509,341523010,34738.49,7857.42
20190509,341523011,25880.17,3573.33
20190509,341523012,33162.7,5543.56
20190509,341523013,45773.61,7233.49
20190509,341523014,12536.2,1853.92
20190509,341523015,27398.81,3915.35
20190509,341523016,22778.23,3937.91
20190509,341523017,36746.78,5991.59
20190509,341523018,37969.84,4320.25
20190509,341523019,31404.57,4485.88
20190509,341523020,32989.15,2693.73
20190509,341523021,22433.24,2745.55
20190509,341523022,34333.69,4444.76
20190509,341523023,27301.89,4214.45
20190509,341523025,32196.96,4152.16
20190509,341523026,25358.14,5770.54
20190509,341523028,5652.7,1272.56
20190509,341524001,20129.85,6565.37
20190509,341524003,11035.65,4285.28
20190509,341524004,31465.17,10233.33
20190509,341524006,25073.15,5280.11
20190509,341524007,22824.79,7469.22
20190509,341524008,28866.19,5593.26
20190509,341524009,21753.84,3617.27
20190509,341524011,48538.35,12160.75
20190509,341524012,23214.14,7386.25
20190509,341524014,25411.67,8138.78
20190509,341524017,17618.57,3936.25
20190509,341524018,7434.55,2248.42
20190509,341524019,12526.15,5573.47
20190509,341525002,37446.96,5065.32
20190509,341525003,32082.06,6533.9
20190509,341525004,12582.97,1818.63
20190509,341525005,17809.38,2464.29
20190509,341525006,22015,3957.27
20190509,341525007,11629.5,1883.86
20190509,341525008,24698.97,5735.42
20190509,341525009,15420.24,2311.86
20190509,341525010,16189.21,3163.55
20190509,341525011,25386.29,2526.55
20190509,341525013,17953.92,3195.4
20190509,341525014,30282.98,5784.3
20190509,341525015,17331.94,2067.48
20190509,341525016,18125.64,2851.91
20190509,341601001,9204.51,2649.37
20190509,341601002,6583.68,2881.52
20190509,341601003,14439.41,5675.98
20190509,341601004,8068.74,2666.52
20190509,341601005,11182.29,4197.25
20190509,341601006,15538.13,8067.43
20190509,341601007,13285.85,4399.15
20190509,341601008,9391.65,3733.55
20190509,341601009,6819.86,2821.26
20190509,341601010,6524.23,4740.07
20190509,341601011,4908.74,2559.54
20190509,341601012,8644.98,4050.83
20190509,341601013,8657.24,3060.77
20190509,341601014,13086.77,7465.61
20190509,341601015,8945.65,3284.98
20190509,341601016,5686.6,2259.88
20190509,341601018,25258.36,6795.95
20190509,341601019,39886.12,12231.03
20190509,341601020,30606.38,6900.47
20190509,341601022,22264.28,7695.76
20190509,341601023,28916.02,7463.06
20190509,341601024,21936.87,7995.78
20190509,341601025,24396.45,6805.99
20190509,341601027,49502.98,11993.45
20190509,341601028,30140.66,8251.28
20190509,341601029,29789.86,9259.1
20190509,341601030,14366.9,5478.08
20190509,341601031,23191.39,7298.85
20190509,341601037,12555.33,7380.95
20190509,341621002,17638.08,6241.19
20190509,341621003,17203.44,6763.71
20190509,341621004,19347.54,7293.52
20190509,341621005,19848.58,7450.16
20190509,341621007,44018.95,14256.72
20190509,341621008,29903.17,7560.65
20190509,341621009,15835.07,6459.77
20190509,341621010,10599.73,4053.33
20190509,341621011,36327.66,6857.44
20190509,341621012,32119.17,9131.96
20190509,341621013,37240.2,7865.67
20190509,341621014,29246.68,6659.82
20190509,341621015,39856.21,8703.8
20190509,341621016,40470.19,12314.19
20190509,341621017,31695.57,7743.67
20190509,341621018,19293.08,8818.56
20190509,341621019,24688.56,9368.28
20190509,341621020,20654.01,4178.5
20190509,341621021,33621.8,11943.37
20190509,341621022,39957.82,10399.76
20190509,341621023,30924.43,9012.13
20190509,341621024,15883.24,5406.76
20190509,341621025,22374.85,5749.57
20190509,341621026,34176.72,10121.01
20190509,341621027,22859.18,5211.96
20190509,341621028,30761.64,10375.72
20190509,341621029,37236.52,8699.2
20190509,341622001,24053.27,5282.42
20190509,341622002,30582.97,7047.44
20190509,341622003,20080.86,6174.93
20190509,341622004,15793.54,3811.83
20190509,341622005,36465.18,7289.22
20190509,341622006,21103.3,6123.78
20190509,341622007,22770.05,5768.36
20190509,341622008,29091.25,9776.13
20190509,341622009,22472.45,4856.87
20190509,341622010,32810.53,13487.44
20190509,341622012,22485.1,4839.88
20190509,341622013,37864,14971.77
20190509,341622014,23695.35,6858.1
20190509,341622015,42100.12,11323.02
20190509,341622016,37306.92,10786.03
20190509,341622017,24196.11,6145.81
20190509,341622018,24174.02,6909.38
20190509,341622019,21877.38,4286.14
20190509,341622020,23290.65,7135.39
20190509,341622021,23518.67,5357.01
20190509,341623001,20539.4,5341.57
20190509,341623002,18127.35,5535.3
20190509,341623003,43449.01,13230.32
20190509,341623005,18818.45,5098.52
20190509,341623006,32998.52,6541.58
20190509,341623008,17364.37,6450.99
20190509,341623009,14384.1,3179.49
20190509,341623010,21382.68,5641.54
20190509,341623011,32352.23,7532.8
20190509,341623012,35467.08,5972.84
20190509,341623013,47815.69,13134.05
20190509,341623014,41678.18,10417.94
20190509,341623015,16773.57,3092.63
20190509,341623016,43029.73,7110.7
20190509,341623017,21111.81,6242.99
20190509,341623018,29242.45,5653.9
20190509,341623019,24560.87,4628.6
20190509,341623020,33885.75,6798.9
20190509,341623021,29006.29,6178.76
20190509,341623022,23408.29,7115.26
20190509,341623023,15431.57,4208.93
20190509,341623024,26067.91,8638.39
20190509,341701002,14858.97,1773.87
20190509,341701005,9210.18,2456.31
20190509,341701007,22251.84,3713.66
20190509,341701008,15046.81,2691.13
20190509,341701009,18654.23,1983.28
20190509,341701011,20993.94,2427.95
20190509,341701012,26408.77,5075.72
20190509,341701013,12739.37,2230.96
20190509,341701014,14032,3047.1
20190509,341701015,12929.38,3229.71
20190509,341701016,20396.12,4628.99
20190509,341701017,30053.95,5955.74
20190509,341701018,17379.05,2699.39
20190509,341701019,15468.32,3075.69
20190509,341701020,9516.35,2556.72
20190509,341701021,11045.69,2290.65
20190509,341701022,31172.01,7908.65
20190509,341701023,25116.6,4274.15
20190509,341701024,12470.9,2985.78
20190509,341701025,27519.27,4213.61
20190509,341701026,29044.45,6031.04
20190509,341701027,6216.91,2679.64
20190509,341701028,16181.31,3182.17
20190509,341721002,47838.7,4528.02
20190509,341721004,35953.47,4707.31
20190509,341721005,30342.73,5171.35
20190509,341721006,31228.37,3460.32
20190509,341721007,27554.83,4773.63
20190509,341721008,17405.32,2792.18
20190509,341721009,23798.85,3101.95
20190509,341721010,35245.79,6301.58
20190509,341721011,40595.2,6699.67
20190509,341721012,22264.83,4154.72
20190509,341721013,9565.42,1540.21
20190509,341721014,12584.9,1979.44
20190509,341721015,7335.4,1085.21
20190509,341721016,31054.36,7149.61
20190509,341721017,9144.11,1922.51
20190509,341721018,20026.71,5090.13
20190509,341721019,45715.72,8713.72
20190509,341721020,26338.15,4169.59
20190509,341721021,14057.7,2412.61
20190509,341722002,12183.33,2864.63
20190509,341722003,5733.25,1295.08
20190509,341722004,12170.38,2636.69
20190509,341722005,8158.96,1461.9
20190509,341722006,10806.01,2543.04
20190509,341722007,21003.84,4106.22
20190509,341722008,9918.48,1966.72
20190509,341723001,17817.66,3785.8
20190509,341723003,12993.31,1719.13
20190509,341723004,21637.56,3441.64
20190509,341723005,13988.17,1759.36
20190509,341723006,15746.64,1855.27
20190509,341723007,13083.44,1845.43
20190509,341723008,23768.11,3993.55
20190509,341723009,8203.16,923.55
20190509,341723010,22929.71,3666.6
20190509,341723011,12716.9,2198.27
20190509,341723013,9253.87,1431.73
20190509,341801001,27716.35,5954.87
20190509,341801004,20911.14,3985.54
20190509,341801005,38497.53,11984.41
20190509,341801007,23326.6,6229.53
20190509,341801008,25204.55,4227.67
20190509,341801009,11340.24,2880.48
20190509,341801010,23724.78,5596.74
20190509,341801011,29880.2,6482.51
20190509,341801013,15524.68,2503.1
20190509,341801015,23973.29,6214.82
20190509,341801016,38367.9,6801.5
20190509,341801017,27956.74,5923.48
20190509,341801018,34457.13,7647.24
20190509,341821002,13614.01,3935.45
20190509,341821004,14111.92,2419.38
20190509,341821005,12819.86,2327.62
20190509,341821006,10660.42,1363.18
20190509,341821007,42267.63,7902.2
20190509,341821008,20638.81,5698.94
20190509,341821009,18433.65,3417.81
20190509,341821010,19435.79,5128.65
20190509,341822002,18903.94,5475.82
20190509,341822003,15119.24,3919.46
20190509,341822004,13039.24,4043.78
20190509,341822006,22012.9,6051.04
20190509,341822007,20128.75,5578.75
20190509,341822008,15056.32,4982.54
20190509,341822009,21757.8,5993.59
20190509,341822010,22916.43,6837.29
20190509,341822011,14757.27,5141.63
20190509,341822012,11782.07,3454.3
20190509,341823001,10376.92,1194.64
20190509,341823002,13568.78,2132.72
20190509,341823003,16625.35,2860.15
20190509,341823005,16316.71,2950.78
20190509,341823006,11116.59,1967.9
20190509,341823007,19614.59,2829.47
20190509,341823008,26370.98,3287.81
20190509,341823009,13469.79,2002.9
20190509,341823010,17304.2,3352.95
20190509,341823011,13138.71,1992.24
20190509,341823012,10353.91,1529.81
20190509,341823013,10980.53,2944.92
20190509,341823014,29126.36,6688.32
20190509,341823016,11072.09,3843.9
20190509,341824002,39204.57,11095.18
20190509,341824004,12939.08,2377.34
20190509,341824005,8981.67,1652.79
20190509,341824006,8665.07,1766.43
20190509,341824007,8976.77,1338.79
20190509,341824008,9945.44,1351.03
20190509,341824009,9182.67,1284.37
20190509,341825002,9179.71,1748.23
20190509,341825003,20308.79,3080.82
20190509,341825004,10036.34,2042.9
20190509,341825005,12693.73,3095.99
20190509,341825006,15988.56,3009.86
20190509,341825007,17947.42,3534.09
20190509,341825008,8407.43,2378.48
20190509,341825012,5249.72,1329.73
20190509,341881002,23765.18,4339.13
20190509,341881003,10487.94,2118.33
20190509,341881004,9435.23,2543.4
20190509,341881005,5006.17,1117.46
20190509,341881006,16116.26,4979.91
20190509,341881007,4835.53,1241.16
20190509,341881008,8224.48,2102.62
20190509,341881009,8538.37,1796.22
20190509,341881010,8693.07,2077.6
20190509,341881011,22019.2,6664.21
20190509,341881013,27157.74,5999.53
20190509,341881014,10925.84,2737.07
20190509,341881015,18613.74,7464.09
20190509,341881016,19929.41,5717.32
