#日期,机构,余额,活期余额
20190507,340101011,30631.52,8071.59
20190507,340101012,37881.9,17237.59
20190507,340101015,22998.21,6052.8
20190507,340101016,38306.86,9564.49
20190507,340101017,18476.79,5357.87
20190507,340101018,20617.66,5658.18
20190507,340101021,12565.35,4701.08
20190507,340101023,9525.65,3742.55
20190507,340101024,14802.82,2851.81
20190507,340101025,27854.57,6475.33
20190507,340101028,42108.82,11049.72
20190507,340101029,10347.37,2815.21
20190507,340101031,29536.16,7483.69
20190507,340101032,23589.22,6621.98
20190507,340101034,22584.73,7022.42
20190507,340101036,22163.21,5181.49
20190507,340101037,20442.14,7621.28
20190507,340101038,18639.68,4385.57
20190507,340101039,14000.97,2588.25
20190507,340101040,19300.76,4582.93
20190507,340101042,12705.16,3558.73
20190507,340101043,29877.52,5959.89
20190507,340101044,11185.1,3937.45
20190507,340101045,47144.14,7418.99
20190507,340101047,13379.18,3000.18
20190507,340101049,10436.38,3556.18
20190507,340101050,29518.46,6949.22
20190507,340101051,23659.36,12068.44
20190507,340101052,15305.19,2868.92
20190507,340101053,12491.84,3411.06
20190507,340101054,13870.7,5244.71
20190507,340101057,13859.75,4390
20190507,340101059,10835.38,2372.65
20190507,340101061,13767.13,4496.96
20190507,340101062,14663.01,4698.41
20190507,340101064,36224.78,10687.74
20190507,340101065,22268.66,4155.36
20190507,340101066,6349.59,1433.33
20190507,340101067,13509.28,5266.63
20190507,340121001,21148.46,7047.1
20190507,340121003,7306.42,3119.85
20190507,340121004,18216.26,6539.02
20190507,340121005,36966.43,10009.45
20190507,340121007,31869.44,8782.92
20190507,340121008,23244.86,6907.99
20190507,340121009,22714.21,9979.22
20190507,340121010,17116.8,6996.56
20190507,340121011,29383.69,13470.43
20190507,340121017,16872.45,5827.89
20190507,340121018,23049.13,8289.76
20190507,340121020,5929.95,1992.17
20190507,340122001,38772.49,13044.49
20190507,340122002,34096.93,9163.83
20190507,340122003,14506.73,2872.87
20190507,340122004,8305.68,3331.16
20190507,340122005,3497.16,1169.18
20190507,340122006,33258.83,9056.17
20190507,340122007,21270.02,3661.72
20190507,340122008,24907.07,7463.62
20190507,340122009,24268.52,9626.65
20190507,340122011,32213.31,4713.36
20190507,340122012,15833.06,3251.65
20190507,340122013,20147.04,6103.83
20190507,340122014,19634.78,5129.53
20190507,340122015,14347.02,4082.55
20190507,340122016,23631.92,4551.29
20190507,340122017,16030.31,5912.64
20190507,340122018,12748.18,5338.56
20190507,340122019,22837.24,3385.25
20190507,340122020,26956.47,8592.47
20190507,340122021,25317.06,7193.97
20190507,340123001,33106.33,8579.44
20190507,340123005,49084.2,9849.66
20190507,340123006,35042.58,8177.39
20190507,340123007,52263.34,9516.75
20190507,340123008,43333.21,9869.6
20190507,340123010,25836.51,6216.5
20190507,340123011,55100.75,14907.07
20190507,340123013,43652.4,9867.66
20190507,340123014,24220.05,4865.62
20190507,340123015,34253.04,7624.36
20190507,340123016,36660.33,7057.9
20190507,340123018,35240.64,10040.59
20190507,340123019,33552.27,7172.73
20190507,340124001,20140.53,5375.82
20190507,340124002,44248.26,11983.73
20190507,340124003,24120.44,4496.88
20190507,340124004,35824.46,4416.37
20190507,340124005,32833.05,5404.87
20190507,340124006,23793.13,4941.08
20190507,340124008,32258.08,3258.41
20190507,340124009,43092.49,5673.49
20190507,340124010,11574.27,2277.64
20190507,340124011,31333.39,6061.48
20190507,340124012,23870.9,3319.31
20190507,340124013,18881.02,3213.42
20190507,340124014,33136.16,7924.85
20190507,340124015,27943.21,5149.25
20190507,340124016,27699.53,5270.56
20190507,340124017,19090.24,3768.14
20190507,340124018,29782.19,6229.65
20190507,340124019,17845.68,2139.59
20190507,340124020,4608.92,890.48
20190507,340124021,16701.08,3293.82
20190507,340124022,26648.15,3545.11
20190507,340124023,8940.02,1813.59
20190507,340124024,24918.32,2139.31
20190507,340124025,16623.78,5222.8
20190507,340181003,13179.48,2292.19
20190507,340181004,24132.54,7226.97
20190507,340181005,17452.18,2896.07
20190507,340181006,22236.93,3674.1
20190507,340181007,21910.41,3538.82
20190507,340181008,8491.27,1806.63
20190507,340181009,12526.8,2208.98
20190507,340181010,39184.02,8669.14
20190507,340181011,23838.01,6743.19
20190507,340181012,17430.01,5213.28
20190507,340181013,12733.11,2779.3
20190507,340181016,21112.48,2317.55
20190507,340181017,24462.68,3954.28
20190507,340181018,28822.23,4158.08
20190507,340181020,36545.08,6093.91
20190507,340181021,25724.45,3532.65
20190507,340181022,21833.81,3834.6
20190507,340181023,21543.1,5266.46
20190507,340181024,13740.04,2795.93
20190507,340181025,17706.88,2114.36
20190507,340181026,15877.65,4570.56
20190507,340201002,8565.92,2077.29
20190507,340201005,12198.18,2494.46
20190507,340201006,11947.75,2460.62
20190507,340201010,9886.55,2116.37
20190507,340201011,9239.92,1943.7
20190507,340201013,11747.63,2179.02
20190507,340201015,11450.61,2753.91
20190507,340201016,18253.23,3798.33
20190507,340201017,14962.74,4023.82
20190507,340201018,14958.9,2623.79
20190507,340201019,11057.1,1934.58
20190507,340201020,17842.52,4481.14
20190507,340201021,19650.3,4929.33
20190507,340201022,9492.67,1764.93
20190507,340201023,12578.72,2524.67
20190507,340201024,10957.37,2587.54
20190507,340201026,17782.08,5044.84
20190507,340201027,11709.56,2920.54
20190507,340201028,16373.2,3290.8
20190507,340201032,10628.56,3384.59
20190507,340201034,9797.27,2512.48
20190507,340201037,31755.63,4863.66
20190507,340201038,10882.11,2247.57
20190507,340201039,30875.92,9543.76
20190507,340201040,34075.67,6000.34
20190507,340201041,23043.22,4718.98
20190507,340201042,28605.62,6708.49
20190507,340201043,36884.17,7015.71
20190507,340201044,18637.83,4014.77
20190507,340201045,38765.31,8297.72
20190507,340201047,21028.77,6279.06
20190507,340201049,13401.15,3800.26
20190507,340201052,29005.75,6130.01
20190507,340201053,17866.92,3829.69
20190507,340201054,49506.63,10415.56
20190507,340201055,23058.46,4229.36
20190507,340221002,18158.68,5227.56
20190507,340221003,18399.8,4544.23
20190507,340221004,19073.87,5151.79
20190507,340221007,17997.88,4237.59
20190507,340221010,27520.18,8830.06
20190507,340221012,29795.73,4779.86
20190507,340221013,31723.37,8111.11
20190507,340222002,14878.28,3419.25
20190507,340222003,37427.8,7553.18
20190507,340222005,13170.06,2417.77
20190507,340222007,21511.85,4747.32
20190507,340222009,10071.59,1769.4
20190507,340222010,25881.5,4846.99
20190507,340222011,32163.69,5352.2
20190507,340222012,14607.26,2268.88
20190507,340222016,10798.83,2546.58
20190507,340222017,15411.27,3094.67
20190507,340222022,18172.31,3885.98
20190507,340223002,42843.52,8259.09
20190507,340223003,34211.34,6212.98
20190507,340223004,29670.77,6553.25
20190507,340223005,40538.61,9678.32
20190507,340223006,47776.64,8239.45
20190507,340223008,28367.82,4883.89
20190507,340223009,29248.69,5329.78
20190507,340223010,18084.14,3454.54
20190507,340223011,17206.28,3949.61
20190507,340223012,23581.1,4731.71
20190507,340223013,16845.73,3346
20190507,340223014,19549.21,3606.02
20190507,340223017,11092.35,1709.4
20190507,340223018,11739.69,1587.74
20190507,340225001,30045.86,11798.26
20190507,340225002,29737.95,5848.21
20190507,340225004,48145.06,5670.86
20190507,340225006,22920.89,3422.38
20190507,340225007,67340.61,15202.81
20190507,340225008,37680.21,4392.79
20190507,340225009,29806.92,5881.72
20190507,340225010,21255.18,4028.93
20190507,340225011,21835.49,3470.01
20190507,340225012,29632.14,6556.59
20190507,340225013,24320.78,4945.52
20190507,340225014,38319.82,8876.93
20190507,340225015,41503.79,7038.71
20190507,340225016,27485,4320.94
20190507,340225017,44538.43,12547.95
20190507,340225018,24746.48,6468.5
20190507,340225019,18935.34,3990.79
20190507,340225020,10716.28,1544.99
20190507,340225021,16227.79,2237.22
20190507,340225022,9722.34,2023.09
20190507,340301002,6852.12,2295.43
20190507,340301003,5842.54,1592.13
20190507,340301004,12357.18,4075.83
20190507,340301007,7807.13,2599.52
20190507,340301008,7439.79,1680.22
20190507,340301009,7134.52,1737.32
20190507,340301010,12636.01,4051.35
20190507,340301011,11386.21,2671.08
20190507,340301013,9986.06,2598.01
20190507,340301014,9329.44,2043.93
20190507,340301015,4104.25,1136.21
20190507,340301016,15321.77,2382.41
20190507,340301017,9525.28,2640.42
20190507,340301018,6439.85,2032.48
20190507,340301019,2348.2,838.07
20190507,340301020,9782.71,2410.35
20190507,340301021,7503.79,1843.04
20190507,340301022,12508.68,4239.29
20190507,340301024,9278.79,3267.71
20190507,340301025,24556.97,8613.77
20190507,340301026,20941.32,4821.2
20190507,340321002,8920.04,3871.31
20190507,340321003,15383.14,9847.26
20190507,340321004,11836.96,6884
20190507,340321005,12394.27,5583.09
20190507,340321006,11654.29,5556.51
20190507,340321007,14203.95,6283.22
20190507,340321008,8978.53,4500.79
20190507,340321009,13019.66,6880.24
20190507,340321010,17697.64,9737.09
20190507,340321011,24822.02,13781.25
20190507,340321012,12957.64,6468.81
20190507,340321013,9524.8,3130.6
20190507,340321014,10304.37,6550.4
20190507,340321015,12280.57,6766.09
20190507,340321016,10012.03,5382.57
20190507,340321018,12762.26,10040.95
20190507,340321019,14841.39,9191.93
20190507,340321020,10409.48,5329.52
20190507,340321021,13097.07,6075.51
20190507,340321023,10621.52,5393.85
20190507,340321024,10134.33,5389.42
20190507,340321025,18562.37,9638.08
20190507,340322001,16368.37,5868.56
20190507,340322002,33201.59,12089.2
20190507,340322003,12044.51,4654.21
20190507,340322004,24207.79,10373.04
20190507,340322005,20467.78,6987.55
20190507,340322006,26665.04,8676.55
20190507,340322007,19277.32,6639.9
20190507,340322008,29777.23,12021.32
20190507,340322010,29227.42,10074.92
20190507,340322011,26982.67,10688.07
20190507,340322012,19546.28,7275.94
20190507,340322013,18875.67,6747.11
20190507,340322015,13290.28,4415.45
20190507,340322016,20590.06,6962.65
20190507,340322017,15840.7,6776.35
20190507,340322021,10963.95,3440.56
20190507,340323001,11316.84,4445.83
20190507,340323002,10658.38,4047.06
20190507,340323003,19200.08,6494.96
20190507,340323006,19580.76,7177.76
20190507,340323007,23122.14,6258.11
20190507,340323008,18233.65,7106.7
20190507,340323009,16589.11,5795.47
20190507,340323010,16329.65,6942.3
20190507,340323011,13632.17,6198.17
20190507,340323012,15012.82,5724.83
20190507,340323013,5989.01,1719.85
20190507,340323014,7499.16,2882.97
20190507,340323015,5219.08,2383.16
20190507,340323016,14575.38,5237.6
20190507,340323017,19341.95,7493.9
20190507,340323018,12752.55,4020.62
20190507,340323019,14158.85,6568.33
20190507,340323020,10856.37,4289.68
20190507,340323021,9194.62,3659.41
20190507,340323022,11702.54,4905.73
20190507,340323023,10550.7,3598.86
20190507,340323024,12891.17,4646.4
20190507,340401002,9966.96,2505.87
20190507,340401004,12848.86,2533.88
20190507,340401005,11992.95,2011.18
20190507,340401006,11412.85,2220.41
20190507,340401007,8243.85,1661.41
20190507,340401009,22218.1,2977.22
20190507,340401010,10559.71,2291.36
20190507,340401011,16918.88,3797.1
20190507,340401012,12441.12,2077.71
20190507,340401013,13183.5,3571.44
20190507,340401014,24094.12,3586.68
20190507,340401015,13727.26,2441.21
20190507,340401016,14664.7,3710.65
20190507,340401017,14961.55,3202.26
20190507,340401018,14542.02,2640.07
20190507,340401019,15727.57,1652.45
20190507,340401020,23442.59,3983.01
20190507,340401021,16541.03,3378.69
20190507,340401022,19868.15,3646.63
20190507,340401026,24763.62,4532.47
20190507,340401028,15312.28,1853.83
20190507,340401029,20068.09,4197.64
20190507,340401031,16563.36,3156.64
20190507,340401032,20514.25,2880.39
20190507,340401033,20167,3959.74
20190507,340401035,13533.24,1483.49
20190507,340401036,16248.15,3173.07
20190507,340401038,12206.31,1421.48
20190507,340401040,25889.89,5461.37
20190507,340401041,14214.78,6834.71
20190507,340401042,33339.08,8987.9
20190507,340401043,26279.26,4360.33
20190507,340401047,36242.5,10878.27
20190507,340401048,18996.58,4081.96
20190507,340401049,17865.09,4453.71
20190507,340401051,21076.24,6472.86
20190507,340401052,15456.65,2443.72
20190507,340401053,13979.09,2446.44
20190507,340421002,20304.34,5820.66
20190507,340421003,30131.22,7858.59
20190507,340421004,51745.16,13865.25
20190507,340421005,32274.87,9927.62
20190507,340421006,26861.35,7731.5
20190507,340421007,25163.02,9281.39
20190507,340421008,43082.06,11314.69
20190507,340421009,27518.92,8360.75
20190507,340421010,34577.85,8912.33
20190507,340421012,25560.88,6557.57
20190507,340421013,30088.13,8481.13
20190507,340421014,24476.91,8422.02
20190507,340421015,31836.21,8762.16
20190507,340421016,26878.79,6297.69
20190507,340421017,34604.76,8003.3
20190507,340421019,23933.89,6121.44
20190507,340422101,32972.42,9259.04
20190507,340422102,18005.36,6162.25
20190507,340422103,19235.06,4282.79
20190507,340422105,19969.41,4346.81
20190507,340422106,32140.43,5788.55
20190507,340422107,14247.07,4521.43
20190507,340422108,20642.58,6744.03
20190507,340422109,18113.54,2599.69
20190507,340422110,17650.56,4406.32
20190507,340422111,22729.68,7440.95
20190507,340422112,25411.85,6103.11
20190507,340422113,7796.98,2378.41
20190507,340422114,22893.56,6205.1
20190507,340422115,10168.81,3268.06
20190507,340422117,28545.84,7952.89
20190507,340422118,39119.41,6937.62
20190507,340422119,18264.52,3632.38
20190507,340422120,21923.19,4689.29
20190507,340422121,39433.42,6144.92
20190507,340422122,27601.64,5858.42
20190507,340422123,12620.69,2332.33
20190507,340422125,18525.9,3724.22
20190507,340422126,28534.57,4764.32
20190507,340422127,14238.42,2609.91
20190507,340422128,35823.84,6962.15
20190507,340422129,14038.31,3643.22
20190507,340501001,6137.18,1280.01
20190507,340501003,14592.71,2494.26
20190507,340501004,10727.25,1435.54
20190507,340501006,5153.47,1135.27
20190507,340501007,8739.5,1574.27
20190507,340501008,6482.03,2069.75
20190507,340501009,19806.57,2946.04
20190507,340501010,9674.85,2401.17
20190507,340501012,8347.05,2114.54
20190507,340501013,7344.94,1132.56
20190507,340501014,19361.97,2391.59
20190507,340501015,8741.42,1410.76
20190507,340501016,4620.77,703.33
20190507,340501017,11187.33,1695.9
20190507,340501019,18998.95,4304.61
20190507,340501020,12752.64,1849.42
20190507,340501021,14813.99,2110.15
20190507,340501023,13261.79,1439.28
20190507,340501025,11413.72,2292.46
20190507,340501029,14550.63,2143.24
20190507,340501030,19017.83,3783.67
20190507,340521001,37131.97,6639.72
20190507,340521003,15049.26,2355.58
20190507,340521004,21797.31,4850.26
20190507,340521006,28898.52,3541.08
20190507,340521010,23317.03,5666.28
20190507,340521011,11891.48,2832.37
20190507,340521012,23052.51,6880.67
20190507,340521013,20952.88,3247.93
20190507,340521014,21008.59,4015.88
20190507,340521017,12740.46,3312.76
20190507,340521019,14935.28,3729.41
20190507,340521020,22571.54,4308.42
20190507,340521021,28769.61,5424.44
20190507,340521022,31697.32,5390.56
20190507,340521023,22526.09,6008.95
20190507,340521024,18263.75,5968.31
20190507,340521025,9901.22,3964.87
20190507,340522001,15760.62,3207.61
20190507,340522003,24634.63,4877.71
20190507,340522004,10851.49,1833
20190507,340522006,27196.56,6237.56
20190507,340522007,13579.2,3622.21
20190507,340522008,18985.02,5778.91
20190507,340522009,15429.23,3725.49
20190507,340522010,6917.76,1460.12
20190507,340522011,11097.04,2009.07
20190507,340522013,30382.64,4617.15
20190507,340522015,6541.05,1520.97
20190507,340523001,35054.33,7170.9
20190507,340523002,19025.03,4242.03
20190507,340523004,14737.57,2400.06
20190507,340523005,31783.87,5031.87
20190507,340523006,15860.82,2097.41
20190507,340523007,17559.71,5665.03
20190507,340523008,30452.97,5495.48
20190507,340523009,23455.66,6668.84
20190507,340523010,21394.09,4547.09
20190507,340523012,41879.11,6182.71
20190507,340523013,22032.87,3210.45
20190507,340601002,9901.72,2813.51
20190507,340601003,12261.64,2342.83
20190507,340601006,11979.99,3869.18
20190507,340601007,14583.24,4505.63
20190507,340601008,13801.12,4159.89
20190507,340601009,16221.06,4881.01
20190507,340601010,8764.75,1831.11
20190507,340601011,20355.4,3948.15
20190507,340601013,25828.31,4416.74
20190507,340601016,9281,2037.92
20190507,340601017,13201.1,3278.53
20190507,340601018,12932.05,1890.14
20190507,340601019,12689.05,2050.83
20190507,340601020,11459.15,1721.79
20190507,340601021,20419.43,4377.35
20190507,340601023,14414.15,2242.16
20190507,340601024,11870.69,2677.65
20190507,340601026,32746.36,5602.83
20190507,340601027,15716.67,3720.72
20190507,340601028,12170.1,3209.61
20190507,340601030,21720.17,5604.8
20190507,340601031,26615.96,5709.54
20190507,340601032,27811.52,5356.68
20190507,340601033,32032.16,6213.83
20190507,340601036,43808.58,8244.48
20190507,340621002,19466.42,4591.05
20190507,340621003,18286.78,5328.26
20190507,340621005,32049.95,6303.25
20190507,340621006,32745.63,10153.35
20190507,340621007,50682.43,9336.59
20190507,340621010,10888.5,2097.28
20190507,340621012,35898.17,7575.75
20190507,340621013,40895.91,8692.09
20190507,340621014,30062.09,7684.25
20190507,340621015,31691.45,7449.78
20190507,340621016,50914.16,11466.05
20190507,340621017,13402.72,3989.08
20190507,340621018,44045.75,12780.19
20190507,340621019,49982.24,15826.79
20190507,340621020,23055.56,6016.32
20190507,340621021,31377.87,7557.45
20190507,340621023,42497.81,10009.32
20190507,340621031,28302.73,6118.92
20190507,340621034,19094.79,5324.68
20190507,340701004,4960.82,1449.43
20190507,340701005,11319.5,2448.75
20190507,340701007,23390.76,4557.56
20190507,340701008,13387.73,2549.52
20190507,340701009,12078.82,2781.56
20190507,340701010,12544.03,2843.79
20190507,340701011,9106.79,2762.37
20190507,340701012,8448.82,1668.28
20190507,340701013,14556.73,2184.38
20190507,340701014,6063.58,1480.43
20190507,340701015,37674.21,6373.77
20190507,340701017,15052.69,2519.16
20190507,340701018,19931.93,3432.45
20190507,340701019,5834.05,2071.71
20190507,340701020,11159.32,2546.43
20190507,340701021,25315.2,3794.07
20190507,340701022,7245.73,1707.3
20190507,340701023,6796.19,1340.34
20190507,340701025,17416.53,3730.26
20190507,340701028,13995.4,2540.06
20190507,340701035,16315.02,2734.04
20190507,340701036,25684.52,3221.03
20190507,340701037,10258.28,1382.12
20190507,340701038,25317.01,3483.88
20190507,340701039,16791.9,2078.1
20190507,340701040,14809.49,1808.8
20190507,340701041,26528.9,3424.42
20190507,340701042,27544.27,3819.07
20190507,340701043,9362.21,1676.02
20190507,340701044,13645.27,1830.66
20190507,340701045,10976.58,1771.92
20190507,340701046,16042.54,1955.95
20190507,340701047,20591.39,3221.75
20190507,340701048,6694,1064.41
20190507,340722102,17254.75,1848
20190507,340722103,32489.91,5061.97
20190507,340722104,20179.18,1964.26
20190507,340722105,28992.22,3558.55
20190507,340722106,38864.05,3864.34
20190507,340722107,66718.97,7465.46
20190507,340722108,40659.96,4206.27
20190507,340722109,51843.88,4036.69
20190507,340722110,44517.07,3644.95
20190507,340722111,39289.95,3138.31
20190507,340722112,92762.13,10157.21
20190507,340722113,40879.1,4769.89
20190507,340722114,51267.7,5219.53
20190507,340722115,22861.27,2474.65
20190507,340722116,15784.18,1081.4
20190507,340722118,15914.91,1896.91
20190507,340722119,52682.19,5156.47
20190507,340722121,19263.42,2605.96
20190507,340722122,36855.39,3435.74
20190507,340722123,26068.52,2607.68
20190507,340722124,33688.93,3340.72
20190507,340722125,31432.65,2617.94
20190507,340722126,30675.02,6989.25
20190507,340801003,29118.19,4137.13
20190507,340801004,27016.59,3822.76
20190507,340801005,19322.43,1654.38
20190507,340801006,35480.71,10591.63
20190507,340801007,13713.07,3180.3
20190507,340801012,24722.62,2167.26
20190507,340801013,17034.71,1985.81
20190507,340801015,21881.18,3278.28
20190507,340801016,12050.48,1648.95
20190507,340801017,25100.43,1985.93
20190507,340801018,34321.77,3784.57
20190507,340801019,30234.46,4506.94
20190507,340801020,35590.16,4112.7
20190507,340801021,21704.37,4486.44
20190507,340801022,32437.08,6980.92
20190507,340801023,30600.34,5578.33
20190507,340801024,20236.12,3363.38
20190507,340801025,23600.89,6756.31
20190507,340801032,40510,6111.81
20190507,340801033,59295.75,7953.18
20190507,340801034,31144,11012.57
20190507,340822002,20186.98,2956.73
20190507,340822003,31586.06,3356.82
20190507,340822004,49149.92,10812.39
20190507,340822005,21132.78,4520.94
20190507,340822006,82291.64,8829.24
20190507,340822007,26140.8,4240.49
20190507,340822008,30193.54,6567.27
20190507,340822009,57454.49,8909.49
20190507,340822010,24497.4,4566.26
20190507,340822013,33012.73,4400.95
20190507,340822014,31213.7,4170.79
20190507,340822015,32578.44,4161.84
20190507,340822016,38099.45,6948.06
20190507,340822018,26961.24,3174.74
20190507,340822019,28169.25,4806.04
20190507,340822020,20211.94,1818.05
20190507,340822022,30291.09,3104.58
20190507,340822023,30060.9,4745.94
20190507,340822025,52714.41,8163.14
20190507,340822026,67913.85,8980.62
20190507,340822028,26557.51,3569.61
20190507,340822031,9684.91,1186.12
20190507,340824002,35746.44,5501.89
20190507,340824003,23931.85,2078.66
20190507,340824004,29810.28,4285.67
20190507,340824005,42356.38,5653.06
20190507,340824006,42889.49,10381.26
20190507,340824007,9203.45,1318.12
20190507,340824008,20158.62,3948.02
20190507,340824010,18839.77,2834.59
20190507,340824011,36113.82,4351.29
20190507,340824013,34449.71,6014.83
20190507,340824014,21475.91,4579.38
20190507,340824015,23151.79,3922.51
20190507,340824016,26535.31,3712.24
20190507,340824017,17948.94,2647.8
20190507,340824018,20640.68,3408.88
20190507,340824019,29774.62,3850.86
20190507,340824020,21353.71,4222.77
20190507,340824021,20620.21,5131.64
20190507,340825001,25620.14,4620.18
20190507,340825002,27859.46,5653.11
20190507,340825003,14580.05,2321.13
20190507,340825004,33801.48,11771.3
20190507,340825005,14986.3,4264.13
20190507,340825006,17264.92,4790.32
20190507,340825007,17270.14,3244.83
20190507,340825008,13271.62,4181.05
20190507,340825009,22724.42,5139.03
20190507,340825010,14101.37,3877.18
20190507,340825012,38431.51,7328.29
20190507,340825013,11274.68,3308.22
20190507,340825014,41277.91,7992.45
20190507,340825016,32458.35,8671.42
20190507,340825017,26228.7,5977.07
20190507,340826002,41409.46,8885.7
20190507,340826003,33609.09,5352.34
20190507,340826004,34904,5997.65
20190507,340826005,18151.23,3249.24
20190507,340826006,45826.18,10367.21
20190507,340826007,45115.75,10848.4
20190507,340826008,36872.27,9911
20190507,340826009,20321.86,5969.73
20190507,340826010,35165.78,8655.34
20190507,340826011,28093.37,6105.12
20190507,340826012,25055.85,6022.43
20190507,340826013,28370.89,7150.22
20190507,340826014,33269.5,6709.65
20190507,340826017,46630.13,9395.87
20190507,340826018,27021.16,7158.16
20190507,340826019,47237.56,9792.63
20190507,340826020,39640.76,10204.1
20190507,340826021,25021.72,4374.67
20190507,340826022,24570.51,4665.74
20190507,340827001,15055.24,3004.8
20190507,340827002,24369.78,4726.58
20190507,340827003,78720.33,10982.24
20190507,340827004,80663.72,11975.84
20190507,340827006,22761.04,4969.22
20190507,340827007,39773.09,4856.84
20190507,340827008,40326.33,7497.81
20190507,340827009,35790.06,6547.93
20190507,340827010,11561.36,1566.12
20190507,340827011,23693.85,4622.22
20190507,340827013,28983.03,4506.64
20190507,340827014,19853.38,3905.19
20190507,340827015,25200.5,5581.18
20190507,340827016,17379.5,4727.63
20190507,340827017,15838.67,2481.59
20190507,340827019,45329.39,5480.72
20190507,340827020,31799.17,5344.87
20190507,340827021,31274.85,4115.74
20190507,340827022,28215.95,6084.83
20190507,340827023,27953.96,4388.23
20190507,340828001,14642.79,4054
20190507,340828003,28866.76,5761.94
20190507,340828004,25166.89,9026.28
20190507,340828005,17108.25,5571.18
20190507,340828006,18772.18,5038.12
20190507,340828007,11566.3,2797.13
20190507,340828008,28889.72,4880.68
20190507,340828009,29524.81,5796.8
20190507,340828010,8708.19,2302.15
20190507,340828011,14026.2,4153.58
20190507,340881001,33853.81,5067.16
20190507,340881002,23171.4,3579.84
20190507,340881003,36245.37,5293.37
20190507,340881004,23978.44,2226.85
20190507,340881005,23600.43,3072.93
20190507,340881007,29487.37,3002.92
20190507,340881008,26714.06,2566.16
20190507,340881009,23862.2,3514.14
20190507,340881010,40069.12,5262.46
20190507,340881012,47157.87,6246.87
20190507,340881013,42037.81,4642.11
20190507,340881014,56483.06,7622.63
20190507,340881015,48282.63,6394.33
20190507,340881016,30155.69,4140.01
20190507,340881017,30284.49,3809.3
20190507,340881018,28013.25,4402.88
20190507,340881019,27351.24,2423.14
20190507,340881020,18966.21,2530.95
20190507,340881022,42387.52,4638.52
20190507,341001003,12477.3,3678.41
20190507,341001004,9261.49,2086.31
20190507,341001005,9853.57,2278.67
20190507,341001006,18585,2811.98
20190507,341001007,11566.55,2595.39
20190507,341001015,9114.14,1340.36
20190507,341003004,10372.29,1611.31
20190507,341003006,7653.94,1149.35
20190507,341003007,9761.79,1330.44
20190507,341003008,13005.85,2486.03
20190507,341003011,6432.75,839.6
20190507,341003012,6444.78,898.99
20190507,341003013,4213,798.57
20190507,341003014,3833.26,699.75
20190507,341003015,12655.32,1496.93
20190507,341003016,8636.39,1151.48
20190507,341003017,12469.19,2223.4
20190507,341003018,16207.11,2338.67
20190507,341003019,9678.29,1470.4
20190507,341003020,4213.88,461.2
20190507,341003022,5486.13,1437.57
20190507,341003023,3325.71,448.35
20190507,341021001,14247.92,1607.8
20190507,341021003,22508.74,3546.43
20190507,341021004,12101.48,1714.15
20190507,341021005,11083.22,1499.02
20190507,341021007,11798.02,1907.95
20190507,341021008,9362.56,1565.07
20190507,341021009,12353,1274.49
20190507,341021010,7820.31,839.21
20190507,341021011,21467.7,3445.79
20190507,341021012,22865.01,2826.7
20190507,341021013,6042.07,784.34
20190507,341021014,10249.79,1114.85
20190507,341021015,10521.16,1529.54
20190507,341021016,4933.39,763.71
20190507,341021017,16772.99,2262.56
20190507,341021018,16621.77,2613.64
20190507,341021019,19183.45,1986.4
20190507,341021022,15403.72,1896.13
20190507,341021024,3698.6,626.52
20190507,341021025,18566.93,2798.94
20190507,341021026,7550.76,820.18
20190507,341022003,8131.06,1187
20190507,341022004,10228.66,1381.77
20190507,341022005,14731.72,1080.92
20190507,341022006,14765.46,1636.11
20190507,341022008,6613.93,974.24
20190507,341022009,8814.08,934.59
20190507,341022010,11091.88,932.91
20190507,341022011,7378.14,1074.75
20190507,341022012,16866.12,1920.33
20190507,341022013,10519.64,1163.38
20190507,341022014,11539.72,1832.78
20190507,341023001,8337.39,1719.09
20190507,341023003,6138.47,1335.36
20190507,341023004,9975.69,1540.69
20190507,341023005,2726.95,372.88
20190507,341023006,3977.77,533.04
20190507,341023007,5320.25,1131.21
20190507,341024003,11338.66,837.16
20190507,341024004,11769.43,1171.06
20190507,341024005,14209.28,1713.93
20190507,341024006,19462.96,1940.69
20190507,341024007,18215.93,1616.51
20190507,341024008,11163.75,1567.53
20190507,341024009,16380.98,1942.26
20190507,341024010,9138.56,535.2
20190507,341101003,18133.63,3440.34
20190507,341101004,12693.21,2237.55
20190507,341101005,45393.07,8130.51
20190507,341101006,18884.06,2873.68
20190507,341101008,21442.67,3135.12
20190507,341101010,21089.52,4821.31
20190507,341101011,12766.35,2917.1
20190507,341101012,17857.07,3231.29
20190507,341101013,20407.68,3788.05
20190507,341101014,19232.6,3973.75
20190507,341101018,17110.52,2785.56
20190507,341101019,21893.22,4629.96
20190507,341122002,17589.75,3559.73
20190507,341122003,22416.39,4330.11
20190507,341122004,21112.69,4892.82
20190507,341122005,21487.1,9043.28
20190507,341122006,17939.81,2924.43
20190507,341122007,25111.25,3711.62
20190507,341122008,27171.32,6844.06
20190507,341122009,33343.37,4756.02
20190507,341122011,27455.48,3064.92
20190507,341124002,9518.24,2191.74
20190507,341124003,26981.72,6961.97
20190507,341124004,23177.65,3969.01
20190507,341124005,18679.52,3118.99
20190507,341124007,9183.08,2260.39
20190507,341124008,14654.06,3399.96
20190507,341124009,13675.93,3133.17
20190507,341124010,9956.32,2304.19
20190507,341124011,15192.36,2616.98
20190507,341124012,12890.62,4468.74
20190507,341124013,26379.08,4708.94
20190507,341125002,27933.87,10481.55
20190507,341125003,20588.74,6442.56
20190507,341125004,24062.76,5839.07
20190507,341125005,19883.25,5737.33
20190507,341125006,31093.84,6373.5
20190507,341125008,16065.66,4452.06
20190507,341125009,29367.98,7614.43
20190507,341125010,12646.1,3729.94
20190507,341125011,11828.96,3165.58
20190507,341125012,18744.38,6954.16
20190507,341125013,10049.42,3447.56
20190507,341126002,39279.3,15537.7
20190507,341126003,14308.24,11406.16
20190507,341126005,25989.12,7750.09
20190507,341126006,23997.24,11919.07
20190507,341126007,18883.42,5510.57
20190507,341126008,25743.27,9279.6
20190507,341126009,25676.87,10253.65
20190507,341126010,22337.26,7247.84
20190507,341126012,13531.32,3787.5
20190507,341181001,28851.51,4853.94
20190507,341181002,53348.46,10739.28
20190507,341181003,20948.07,5687.28
20190507,341181004,28163.44,6167.54
20190507,341181005,22962.55,4206.03
20190507,341181006,26002.18,5102.38
20190507,341181008,17212.66,3187.32
20190507,341181009,38356.23,12834.85
20190507,341181010,32879.2,5060.63
20190507,341181012,15342.98,3480.1
20190507,341181013,33009.17,5204.75
20190507,341181014,25616.83,3891.33
20190507,341182002,7750.65,1524.22
20190507,341182003,17541.71,5369.34
20190507,341182004,14782.65,2641.68
20190507,341182005,13419.83,3730.49
20190507,341182006,18578.79,4644.38
20190507,341182007,14551.22,5165.18
20190507,341182008,7728.68,2663.81
20190507,341182009,16905.92,5121.68
20190507,341182010,28442.16,6464.03
20190507,341182011,6128.72,830.72
20190507,341182013,19860.21,5226.05
20190507,341182014,18471.88,5346.09
20190507,341182015,20102.37,6683.55
20190507,341182016,10426.34,3275.84
20190507,341201001,21669.95,6939.83
20190507,341201002,12558.5,3525.78
20190507,341201003,11172.97,4346.84
20190507,341201004,21237.39,5942.23
20190507,341201005,30698.04,5583.45
20190507,341201007,13961.59,3361.91
20190507,341201008,18901.86,4979.46
20190507,341201009,24503.96,6020.89
20190507,341201011,14324.61,4519.17
20190507,341201012,29681.53,9751.97
20190507,341201013,24220.21,5949.52
20190507,341201014,11082.03,3661.19
20190507,341201015,20296.27,5652.17
20190507,341201016,18518.17,4304.77
20190507,341201017,20803.38,5884.77
20190507,341201018,21091.15,4799.69
20190507,341201019,20962.88,8336.27
20190507,341201020,33074.56,7212.77
20190507,341201021,21000.66,4806.68
20190507,341201023,34381.85,7013.85
20190507,341201025,34404.52,8722.89
20190507,341201026,25994.83,5321.83
20190507,341201027,31813.16,6151.3
20190507,341201028,34580.5,6714.26
20190507,341201030,44315.87,8731.57
20190507,341201031,19969.33,4115.42
20190507,341201032,19096.26,4036.96
20190507,341201033,31580.17,6258.11
20190507,341201034,28545.48,5826.08
20190507,341201035,13076.39,5533.92
20190507,341201037,17246.11,7974.87
20190507,341201038,21188.38,8615.4
20190507,341201042,34225.62,7958.7
20190507,341221001,47927.31,12571.83
20190507,341221002,37878.88,12116.51
20190507,341221003,37646.77,10484.41
20190507,341221004,44693.15,12191.7
20190507,341221005,38779.95,9987.18
20190507,341221006,40337.25,11193.1
20190507,341221007,45939.57,12159.75
20190507,341221008,37438.59,9689.4
20190507,341221009,33654.93,11720.84
20190507,341221010,52143.56,12725.28
20190507,341221011,34442.18,8331.82
20190507,341221012,71294.19,21352.82
20190507,341221013,49125.95,14940.4
20190507,341221015,31059.3,8411.48
20190507,341221016,33748.72,8640.45
20190507,341221017,35886.66,12122.77
20190507,341221018,36684.16,8595.1
20190507,341221019,54393.33,15754.29
20190507,341221020,33928.97,7142.36
20190507,341221021,40252.66,9583.07
20190507,341221022,31271.09,10098.95
20190507,341221023,37509.76,10026.86
20190507,341221024,22521.02,6409.93
20190507,341221025,20893.85,6980.29
20190507,341221026,38861.84,10170
20190507,341221027,41098.07,11070.28
20190507,341221028,30848.44,9208.36
20190507,341222001,25775.43,9951.74
20190507,341222002,18968.59,6069.81
20190507,341222003,36416.87,10592.03
20190507,341222004,10713.38,3975.42
20190507,341222005,24875.08,7713.85
20190507,341222006,15399.08,4921.52
20190507,341222007,36280.57,9079.31
20190507,341222009,31454.79,10018.58
20190507,341222010,57955.52,7959.51
20190507,341222011,68932.07,10576.33
20190507,341222012,47864.76,7913.33
20190507,341222013,51565.7,9905.78
20190507,341222014,74214.98,14586.6
20190507,341222015,47201.96,10505.09
20190507,341222016,54090.99,11602.64
20190507,341222017,42328.35,9934.76
20190507,341222018,48735.31,16940.29
20190507,341222019,72249.51,14356.69
20190507,341222020,34751.59,7571.79
20190507,341222021,44736.16,7901.97
20190507,341222022,43819.89,5842.85
20190507,341222023,32729.12,10082.49
20190507,341222024,48322.14,8743.43
20190507,341222025,51531.07,11067.07
20190507,341222026,43841.32,12126.91
20190507,341222027,38388.83,8520.34
20190507,341222028,28402.32,10051.58
20190507,341222029,34717.89,8050.92
20190507,341222030,38461.09,6587.3
20190507,341222031,32186.87,5712.86
20190507,341222035,26362,7032.89
20190507,341225001,19469.77,5774.56
20190507,341225002,21294.59,6503.82
20190507,341225003,21358.49,5744.84
20190507,341225004,30433.79,8274.56
20190507,341225005,13429.87,4005.91
20190507,341225006,48788.68,14605.33
20190507,341225008,30279.19,8756.96
20190507,341225009,33143.82,9020.66
20190507,341225011,30387.88,7259.25
20190507,341225012,26519.39,9256.47
20190507,341225013,50255.8,15105.49
20190507,341225014,34124.26,10950.06
20190507,341225015,49316.91,13760.35
20190507,341225016,32133.73,8202.29
20190507,341225017,33031.74,9474.57
20190507,341225018,59045.6,12761.7
20190507,341225019,27326.04,5536.62
20190507,341225020,29057.98,6300.79
20190507,341225021,36558.23,9363.91
20190507,341225023,19732.48,6957.55
20190507,341225027,20161.21,5302.86
20190507,341226001,26384.4,9500.34
20190507,341226002,42133.68,13109.98
20190507,341226004,27831.98,10627.94
20190507,341226005,36928.33,8873.74
20190507,341226006,26456.46,6764.35
20190507,341226007,22915.22,4831.27
20190507,341226008,23984.73,5873.16
20190507,341226009,31206.07,9315.96
20190507,341226011,23261.71,5923.33
20190507,341226012,26209.29,4770.39
20190507,341226013,18755.31,6267.29
20190507,341226014,26204.45,6683.32
20190507,341226015,27694.86,6761.21
20190507,341226016,24360.64,8631.3
20190507,341226017,18611.57,4074.69
20190507,341226018,29008.36,7300.9
20190507,341226019,30724.75,8069.94
20190507,341226020,21986.05,4426.88
20190507,341226021,31057.02,9408.12
20190507,341226022,25790.69,9349.16
20190507,341226023,12026.03,4872.64
20190507,341226026,16188.77,5943.97
20190507,341282001,21620.95,4726.86
20190507,341282002,21046.04,4950.94
20190507,341282003,34188.16,10048.54
20190507,341282004,25989.65,7141.53
20190507,341282005,34118.41,9545.48
20190507,341282006,45491.6,11859.1
20190507,341282007,34662.92,9499.5
20190507,341282008,31400.94,6941.05
20190507,341282009,26247.11,5456.89
20190507,341282010,20833.79,6165.41
20190507,341282011,32434.81,7498.72
20190507,341282013,36965.44,9838.77
20190507,341282014,25164.01,6485.33
20190507,341282015,26084.74,4990.3
20190507,341282016,37711.59,6001
20190507,341282019,24680.16,5814.46
20190507,341301001,28076.92,6955.82
20190507,341301002,12952.26,3726.64
20190507,341301003,10074.4,4830.58
20190507,341301004,30641.87,9954.57
20190507,341301005,25700.76,8098.34
20190507,341301006,19338.53,5433.01
20190507,341301007,19362.51,5129.11
20190507,341301009,24630.42,8458.44
20190507,341301010,27835.5,8734.16
20190507,341301011,14999.98,5273.89
20190507,341301012,12708.6,4862.93
20190507,341301013,32282.56,9060.64
20190507,341301014,33647.89,12603.36
20190507,341301015,45679.2,17719.96
20190507,341301017,22417.58,7088.08
20190507,341301020,30569.76,9017.23
20190507,341301021,23320.14,6850.78
20190507,341301023,42834.26,15912.98
20190507,341301025,43643.29,18279.86
20190507,341301026,43941.81,17050.79
20190507,341301027,52353.12,24509.99
20190507,341301028,42694.46,16159.11
20190507,341301029,32982.54,9378.99
20190507,341301030,30214.46,10144.42
20190507,341301032,40576.54,17670.87
20190507,341301034,32157.72,9214.34
20190507,341301036,19732.36,5530.19
20190507,341301038,26427.2,9396
20190507,341301039,20936.99,4493.73
20190507,341301040,49817.99,18606.27
20190507,341301041,26837.61,10038.48
20190507,341321001,21939.46,8938.46
20190507,341321002,16991.73,7428.85
20190507,341321003,19998.19,8590.56
20190507,341321004,43763.6,18642.28
20190507,341321005,32710.62,9385.13
20190507,341321006,32056.48,14845.27
20190507,341321007,52427.21,21621.12
20190507,341321008,20938.21,8025.65
20190507,341321009,27668.05,8353.98
20190507,341321010,15974.74,5252.77
20190507,341321011,24142.16,8251.94
20190507,341321012,29412.47,12189.64
20190507,341321013,34717.08,13358.83
20190507,341321014,41793.16,14939.3
20190507,341321016,17343.68,5857.77
20190507,341321017,28442.6,10329.73
20190507,341321018,32450.7,14258.52
20190507,341321019,34305.64,12587.54
20190507,341321020,19493.28,8408.98
20190507,341321021,34326.19,12908.62
20190507,341321022,27270.73,9587.38
20190507,341321023,15384.19,5192.14
20190507,341322002,60332.79,19092.57
20190507,341322004,26203,9075.8
20190507,341322005,34275.48,11668.39
20190507,341322006,44797.96,12961.53
20190507,341322007,28396.55,8157.23
20190507,341322008,20531.69,5845.97
20190507,341322012,18206.13,4791.45
20190507,341322013,27437.46,7120.99
20190507,341322014,32223.57,12970.05
20190507,341322015,40617.37,12112.18
20190507,341322016,19397.75,6250.29
20190507,341322017,31608.33,8766.41
20190507,341322018,19987.78,8668.77
20190507,341322019,18669.27,6612.75
20190507,341322020,18664.48,6734.93
20190507,341322021,18804.23,7406.89
20190507,341322022,24956.45,6937.8
20190507,341322023,38265.82,14227.93
20190507,341322024,18757.58,7547.26
20190507,341322025,19898.68,7599.07
20190507,341322026,32507.38,12245.9
20190507,341323002,26298.86,11625.62
20190507,341323003,29134.76,15100.86
20190507,341323004,32278.47,16817.88
20190507,341323005,37518.12,20383.38
20190507,341323006,39399.17,20712.24
20190507,341323008,29373.3,12193.99
20190507,341323009,31810.83,11762.87
20190507,341323010,42844.32,20976.71
20190507,341323011,32926.79,11587.42
20190507,341323012,34351.18,14414.9
20190507,341323013,39313.28,13695.02
20190507,341323014,29767.07,12653.96
20190507,341323016,23268.54,11764.35
20190507,341323017,25079.46,9590.67
20190507,341323018,37814.69,13305.73
20190507,341323019,35135.31,14966.91
20190507,341323020,26076.85,12803.18
20190507,341324001,31778.48,11524.75
20190507,341324003,35967.32,11555.86
20190507,341324004,33344.65,13438.89
20190507,341324005,58505.23,19863.34
20190507,341324006,38289.34,14648.01
20190507,341324007,44983.92,14863.75
20190507,341324008,27539.72,9439.86
20190507,341324009,38451.45,16426.48
20190507,341324010,39609.82,19400.61
20190507,341324011,37592.73,18099.33
20190507,341324012,41383.35,13599.49
20190507,341324015,13908.97,5074.78
20190507,341501001,20060.36,4964.65
20190507,341501002,21664.16,4044.88
20190507,341501003,26595.62,5216.43
20190507,341501005,20934.71,5430.47
20190507,341501007,26270.53,4525.62
20190507,341501008,22850.23,6054.33
20190507,341501011,27702.52,6208.61
20190507,341501012,37691.07,7303.96
20190507,341501013,42267.79,3416.92
20190507,341501014,28604.37,5347.71
20190507,341501015,56915.47,10817.31
20190507,341501017,27975.87,5315.24
20190507,341501018,41447.69,4328.63
20190507,341501019,22537.21,2935.84
20190507,341501020,44302.68,7678.49
20190507,341501021,44693,5824.23
20190507,341501022,26063.82,4554.17
20190507,341501023,50654.02,13151.19
20190507,341501024,32006.81,10729.85
20190507,341501025,25199.92,4462.13
20190507,341501026,18954.73,4592.77
20190507,341501027,23308.3,6090.16
20190507,341501028,27010.66,9845.81
20190507,341501029,19786.42,5176.87
20190507,341522001,26476.12,5609.54
20190507,341522002,25371.87,9101.81
20190507,341522004,41500.08,13680.72
20190507,341522005,53620.43,14465.72
20190507,341522006,37213.82,6743.52
20190507,341522007,41203.38,10216.23
20190507,341522008,30369.05,8935.8
20190507,341522009,30112.87,9932.24
20190507,341522010,28570.55,7519.42
20190507,341522011,31820.46,7347.35
20190507,341522012,44296.65,6200.29
20190507,341522013,37327.41,6577.78
20190507,341522014,25308.76,5159.63
20190507,341522015,44721.61,9630.65
20190507,341522016,25763.23,5579.02
20190507,341522018,23237.39,5710.55
20190507,341523001,57450.95,9847.36
20190507,341523003,27783.79,4594.32
20190507,341523004,22684.95,3231.95
20190507,341523005,42311.37,6236.43
20190507,341523006,23330.84,4519.54
20190507,341523007,17733.94,2631.14
20190507,341523008,21166.08,3570.15
20190507,341523009,30954.8,4915.51
20190507,341523010,34754.66,7858.98
20190507,341523011,26035.02,3679.92
20190507,341523012,33168.13,5550.18
20190507,341523013,45873.84,7324.25
20190507,341523014,12536.76,1862.67
20190507,341523015,27557.74,3992.88
20190507,341523016,22805.29,3962.82
20190507,341523017,36668.06,5949.94
20190507,341523018,37956.36,4360.5
20190507,341523019,31520.73,4552.72
20190507,341523020,32943.59,2642.91
20190507,341523021,22519.05,2779.14
20190507,341523022,34378.34,4453.74
20190507,341523023,27309.06,4193.86
20190507,341523025,32257.01,4183.61
20190507,341523026,25413.68,5827.19
20190507,341523028,5495.72,1118.05
20190507,341524001,20098.38,6515.6
20190507,341524003,11034.76,4252.81
20190507,341524004,31460.68,10215.88
20190507,341524006,25177.62,5377.27
20190507,341524007,22898.22,7530.85
20190507,341524008,28931.35,5656.65
20190507,341524009,21807.37,3639.18
20190507,341524011,48462.27,12016.15
20190507,341524012,23240.38,7406.11
20190507,341524014,25483.28,8199.74
20190507,341524017,17762.01,4064.02
20190507,341524018,7506.75,2302.9
20190507,341524019,12654.54,5699.48
20190507,341525002,37497.87,5058.33
20190507,341525003,32104.55,6500
20190507,341525004,12603.72,1802.77
20190507,341525005,17836.37,2481.7
20190507,341525006,22018.89,3934.67
20190507,341525007,11598.06,1852.24
20190507,341525008,24693.3,5747.7
20190507,341525009,15456.63,2324.71
20190507,341525010,16168.86,3180.95
20190507,341525011,25405.92,2538.19
20190507,341525013,18073.31,3334.14
20190507,341525014,30324.11,5882.01
20190507,341525015,17351.53,2083.4
20190507,341525016,18139.99,2871.53
20190507,341601001,9209.04,2659.88
20190507,341601002,6520.21,2786.16
20190507,341601003,14467.96,5647.01
20190507,341601004,8042.36,2653.74
20190507,341601005,11199.3,4209.11
20190507,341601006,15467.1,7926.69
20190507,341601007,13333.22,4447.61
20190507,341601008,9414.6,3731.74
20190507,341601009,6797.88,2829.93
20190507,341601010,6423.3,4637.88
20190507,341601011,4905.78,2534.31
20190507,341601012,8704.39,4097.24
20190507,341601013,8663.01,3074.47
20190507,341601014,13065.24,7448.54
20190507,341601015,9004.23,3237.05
20190507,341601016,5797.89,2389.25
20190507,341601018,25301.18,6811.99
20190507,341601019,39938.46,12282.89
20190507,341601020,30679.31,6970.61
20190507,341601022,22326.97,7720.59
20190507,341601023,28942.65,7460.21
20190507,341601024,22004.38,8082.73
20190507,341601025,24423.61,6814.03
20190507,341601027,49590.71,12039.31
20190507,341601028,30143.84,8252.18
20190507,341601029,29790.88,9230.45
20190507,341601030,14543.74,5576.85
20190507,341601031,23279.02,7374.35
20190507,341601037,12624.37,7464.07
20190507,341621002,17675.03,6307.27
20190507,341621003,17246.28,6759.6
20190507,341621004,19467.69,7311.72
20190507,341621005,19804.74,7420.62
20190507,341621007,44141.65,14382.29
20190507,341621008,29895.82,7561.69
20190507,341621009,15911.6,6525.49
20190507,341621010,10655.37,4109.74
20190507,341621011,36362.37,6914.25
20190507,341621012,32124.89,9140.43
20190507,341621013,37246.15,7888.23
20190507,341621014,29257.34,6646.95
20190507,341621015,39866.54,8746.04
20190507,341621016,40472.02,12280.14
20190507,341621017,31735.35,7791.31
20190507,341621018,19273.42,8820.96
20190507,341621019,24708.07,9370.25
20190507,341621020,20677.66,4171.43
20190507,341621021,33703.49,11995.83
20190507,341621022,40001.5,10474
20190507,341621023,30948.85,9044.15
20190507,341621024,15915.16,5453.2
20190507,341621025,22388.44,5762.46
20190507,341621026,34167.27,10090.71
20190507,341621027,22875.66,5212.07
20190507,341621028,30771.3,10346.71
20190507,341621029,37196.48,8666.17
20190507,341622001,24199.21,5385.67
20190507,341622002,30611.9,7108.21
20190507,341622003,20270.8,6309.26
20190507,341622004,15769.73,3800.61
20190507,341622005,36834.33,7509.85
20190507,341622006,21059.96,6201.54
20190507,341622007,22727.17,5757.14
20190507,341622008,29014.99,9718.1
20190507,341622009,22375.2,4776.03
20190507,341622010,32759.47,13435.17
20190507,341622012,22517.37,4888.1
20190507,341622013,37708.76,14771.97
20190507,341622014,23554.73,6690.79
20190507,341622015,42096.09,11267.71
20190507,341622016,37185.2,10700.9
20190507,341622017,24208.5,6141.29
20190507,341622018,24078.85,6814.55
20190507,341622019,21871.75,4286.96
20190507,341622020,23241.25,7101.46
20190507,341622021,23548.34,5293.04
20190507,341623001,20676.64,5440.31
20190507,341623002,18174.1,5565.9
20190507,341623003,43205.7,12921.42
20190507,341623005,18774.62,5038.43
20190507,341623006,33100.65,6579.27
20190507,341623008,17390.87,6464.18
20190507,341623009,14368.35,3135.41
20190507,341623010,21387.62,5655.02
20190507,341623011,32335.2,7526.41
20190507,341623012,35433.71,5941.94
20190507,341623013,47821.04,13142.69
20190507,341623014,41642.08,10385.75
20190507,341623015,16804.65,3125.78
20190507,341623016,43070.38,7107.76
20190507,341623017,21155.7,6294.48
20190507,341623018,29268.14,5692.21
20190507,341623019,24569.49,4608.33
20190507,341623020,33873.15,6787.88
20190507,341623021,28997.4,6190.9
20190507,341623022,23421.13,7122.98
20190507,341623023,15426.6,4213.88
20190507,341623024,25986.46,8612.75
20190507,341701002,14874,1753.24
20190507,341701005,9235.62,2479.79
20190507,341701007,22220.06,3673.07
20190507,341701008,15068.12,2714.07
20190507,341701009,18595.72,1893.26
20190507,341701011,21078.44,2502.46
20190507,341701012,26396.46,5107.92
20190507,341701013,12745.13,2231.81
20190507,341701014,14041.17,3073.38
20190507,341701015,12932.44,3225.97
20190507,341701016,20569.17,4564.84
20190507,341701017,30049.93,5961.26
20190507,341701018,17390.89,2704.9
20190507,341701019,15508.47,3126.6
20190507,341701020,9475.22,2523.82
20190507,341701021,11073.29,2322.28
20190507,341701022,30856.18,7569.39
20190507,341701023,25159.51,4251.29
20190507,341701024,12486.43,3017.78
20190507,341701025,27557.26,4230.69
20190507,341701026,29092.62,6121.59
20190507,341701027,6290.89,2766.81
20190507,341701028,16225.31,3235.85
20190507,341721002,47897.83,4546.8
20190507,341721004,36027.54,4724.78
20190507,341721005,30448.72,5279.63
20190507,341721006,31171.2,3431.34
20190507,341721007,27472.73,4663.6
20190507,341721008,17408.29,2802.95
20190507,341721009,23820.06,3123.06
20190507,341721010,35361.47,6324.24
20190507,341721011,40655.48,6737.4
20190507,341721012,22261,4166.83
20190507,341721013,9540.25,1519.2
20190507,341721014,12568.9,1949.87
20190507,341721015,7366.52,1107.01
20190507,341721016,31146.17,7280.64
20190507,341721017,9149.57,1935.79
20190507,341721018,19943.21,5046.95
20190507,341721019,45799.9,8782.08
20190507,341721020,26344.31,4149.05
20190507,341721021,14002.76,2345.41
20190507,341722002,12292.37,2968.39
20190507,341722003,5740.25,1306.12
20190507,341722004,12200.79,2609.43
20190507,341722005,8143.71,1467.89
20190507,341722006,10833.64,2579.1
20190507,341722007,21027.31,4127.77
20190507,341722008,9913.72,1956.84
20190507,341723001,17799.4,3781.85
20190507,341723003,13005.06,1721.26
20190507,341723004,21656.26,3466.08
20190507,341723005,14011.89,1788.62
20190507,341723006,15771.77,1834.94
20190507,341723007,13091.29,1858.3
20190507,341723008,23772.34,3972.46
20190507,341723009,8186.8,916.63
20190507,341723010,22782.62,3528.35
20190507,341723011,12794.85,2226.98
20190507,341723013,9228.66,1411.42
20190507,341801001,27709.45,5915.39
20190507,341801004,20862.95,4002.62
20190507,341801005,38639.74,12059.43
20190507,341801007,23168.96,6057.12
20190507,341801008,25232.87,4250.56
20190507,341801009,11218.03,2794.59
20190507,341801010,24043.14,5973.93
20190507,341801011,29937.39,6496.39
20190507,341801013,15520.48,2514.44
20190507,341801015,23970.85,6214.57
20190507,341801016,38318.35,6777.31
20190507,341801017,28016.34,5999.36
20190507,341801018,34680.69,7829.46
20190507,341821002,13469.85,3779.05
20190507,341821004,14046.23,2358.27
20190507,341821005,12751.4,2269.77
20190507,341821006,10658.73,1368.47
20190507,341821007,42370.27,8003.92
20190507,341821008,20600.18,5593.51
20190507,341821009,18441.68,3420.25
20190507,341821010,19428.3,5145.23
20190507,341822002,19170.08,5734.33
20190507,341822003,15092.29,3876.76
20190507,341822004,13021.49,4039.57
20190507,341822006,22032.02,6109.02
20190507,341822007,20102.2,5608.5
20190507,341822008,15088.24,5122.34
20190507,341822009,21639.6,5846.04
20190507,341822010,22967.01,6729.54
20190507,341822011,14784.9,5226.37
20190507,341822012,11832.31,3501.93
20190507,341823001,10470.38,1260.55
20190507,341823002,13544.98,2104.13
20190507,341823003,16644.87,2912.37
20190507,341823005,16342.47,2960.86
20190507,341823006,11257.62,2082.86
20190507,341823007,19615.16,2879.32
20190507,341823008,26416.66,3313.26
20190507,341823009,13538.31,2107.98
20190507,341823010,17389.63,3391
20190507,341823011,13166.2,2026.49
20190507,341823012,10401.15,1565.54
20190507,341823013,11010.42,2990.21
20190507,341823014,29219.28,6779.49
20190507,341823016,11023.9,3805.67
20190507,341824002,39284.52,11199.4
20190507,341824004,12916.17,2380.67
20190507,341824005,8997.06,1666.74
20190507,341824006,8719.15,1791.3
20190507,341824007,9002.08,1368.74
20190507,341824008,9947.65,1417.84
20190507,341824009,9197.99,1289.34
20190507,341825002,9153.18,1642.71
20190507,341825003,20373.08,3133.3
20190507,341825004,10048.3,2062.46
20190507,341825005,12563.34,2958.06
20190507,341825006,15981.64,3011.63
20190507,341825007,18025.97,3531.8
20190507,341825008,8440.42,2416.07
20190507,341825012,5235.69,1353.53
20190507,341881002,23728.57,4361.88
20190507,341881003,10342.05,2018.71
20190507,341881004,9405.48,2508.08
20190507,341881005,5015.04,1150.12
20190507,341881006,16323.26,5162.82
20190507,341881007,4797.85,1191.33
20190507,341881008,8287.87,2130.69
20190507,341881009,8537.02,1785.98
20190507,341881010,8785.28,2164.8
20190507,341881011,21720.21,6405.9
20190507,341881013,27025.36,5804.75
20190507,341881014,10895.81,2719.1
20190507,341881015,17934.28,6829.38
20190507,341881016,19896.27,5800.23
