#日期,机构,余额,活期余额
20190514,340101011,30779.62,8104.82
20190514,340101012,37687.61,16974.29
20190514,340101015,22942.26,5995.33
20190514,340101016,37955.47,9420.33
20190514,340101017,18262.47,5323.27
20190514,340101018,20564.93,5708.45
20190514,340101021,12627.16,4789.2
20190514,340101023,9314.71,3547.51
20190514,340101024,14747.19,2807.91
20190514,340101025,27965.93,6508.27
20190514,340101028,41840.85,10820.3
20190514,340101029,10308.05,2805.87
20190514,340101031,29446.4,7495.38
20190514,340101032,23351.11,6403.04
20190514,340101034,22521.62,6930.85
20190514,340101036,22165.94,5167.67
20190514,340101037,20215.99,7556.72
20190514,340101038,18546.69,4383.07
20190514,340101039,14128.77,2724.76
20190514,340101040,18989.76,4261.19
20190514,340101042,12584.09,3401.98
20190514,340101043,29754.96,5912.26
20190514,340101044,10531.89,3328.25
20190514,340101045,46796.05,7112.28
20190514,340101047,13571.64,3231.77
20190514,340101049,10622.68,3602
20190514,340101050,29475.26,6889.86
20190514,340101051,23349.64,11789.59
20190514,340101052,15329.22,2970.34
20190514,340101053,12487.28,3492.83
20190514,340101054,13751.28,5156.34
20190514,340101057,13909.39,4360.97
20190514,340101059,10906.41,2428.57
20190514,340101061,13579.18,4345.49
20190514,340101062,14584.19,4742.55
20190514,340101064,35993.95,10462.68
20190514,340101065,22205.48,4145.3
20190514,340101066,6304.09,1356.56
20190514,340101067,13626.28,5342.32
20190514,340121001,20975.28,6820.15
20190514,340121003,7198.65,3048.65
20190514,340121004,18134.51,6451.43
20190514,340121005,36686.84,9713.06
20190514,340121007,31692.34,8597.31
20190514,340121008,23063.55,6761.21
20190514,340121009,24855.19,12108.25
20190514,340121010,16950.7,6803.56
20190514,340121011,29136.76,13375.29
20190514,340121017,17310.27,5658.44
20190514,340121018,22937.37,8070.78
20190514,340121020,5870.68,1931.13
20190514,340122001,39180.48,13535.63
20190514,340122002,34265.65,9281.17
20190514,340122003,14450.06,2837.41
20190514,340122004,8241.52,3307.34
20190514,340122005,3471.52,1186.23
20190514,340122006,33124.27,8927.33
20190514,340122007,21290.91,3687.52
20190514,340122008,24809.97,7440.42
20190514,340122009,24152.56,9525.45
20190514,340122011,32166.06,4706.11
20190514,340122012,15800.89,3242.86
20190514,340122013,20167.95,6130.18
20190514,340122014,19659.36,5203.32
20190514,340122015,14272.13,4117.11
20190514,340122016,23569.23,4526.62
20190514,340122017,16007.55,5920.52
20190514,340122018,12766.22,5289.43
20190514,340122019,22679.27,3195.7
20190514,340122020,27016.21,8676.29
20190514,340122021,25277.39,7247.43
20190514,340123001,32778.6,8361.6
20190514,340123005,48526.17,9616.09
20190514,340123006,35065.47,8229.8
20190514,340123007,52292.94,9639.54
20190514,340123008,42929.35,9572.58
20190514,340123010,26722.26,7004.76
20190514,340123011,54680.25,14564.89
20190514,340123013,43231.03,9487.26
20190514,340123014,24110.45,4849.72
20190514,340123015,34197.94,7620.65
20190514,340123016,36543.15,6931.18
20190514,340123018,34976.7,9882.54
20190514,340123019,33413.85,7144.18
20190514,340124001,19554.02,4822.82
20190514,340124002,43996.12,11856.73
20190514,340124003,23982.34,4437.21
20190514,340124004,35740.81,4485.51
20190514,340124005,32684.47,5327.36
20190514,340124006,23844.24,4951.71
20190514,340124008,32088.95,3153.22
20190514,340124009,43112.69,5714.9
20190514,340124010,11560.99,2276.98
20190514,340124011,31044.79,5790.77
20190514,340124012,23937.2,3294.87
20190514,340124013,18834.09,3205.25
20190514,340124014,33077.17,7948.44
20190514,340124015,27964.75,5123.87
20190514,340124016,27576.21,5176.12
20190514,340124017,19053.32,3749.38
20190514,340124018,29813.37,6111.02
20190514,340124019,17790.04,2109.46
20190514,340124020,5376.81,865.55
20190514,340124021,16746.33,3268.44
20190514,340124022,26631.49,3622.99
20190514,340124023,8856.62,1754.62
20190514,340124024,24824.82,2163.05
20190514,340124025,16374.17,5165.25
20190514,340181003,13221.29,2346.98
20190514,340181004,25585.09,8695.57
20190514,340181005,17330.3,2797.45
20190514,340181006,22309.98,3709.33
20190514,340181007,21938.38,3534.2
20190514,340181008,8491.87,1789.19
20190514,340181009,12576.28,2238.13
20190514,340181010,39081.2,8539.74
20190514,340181011,23795.29,6794.35
20190514,340181012,17387.95,5245.18
20190514,340181013,12786.54,2780.95
20190514,340181016,21011.77,2225.09
20190514,340181017,24485.79,3921.8
20190514,340181018,28672.49,4079.17
20190514,340181020,36412.91,5961.94
20190514,340181021,25580.19,3435.47
20190514,340181022,21685.19,3711.55
20190514,340181023,21469.16,5175.92
20190514,340181024,13597.35,2646.73
20190514,340181025,17730.81,2159.89
20190514,340181026,15618.24,4213.43
20190514,340201002,8664.99,2187.67
20190514,340201005,12337.73,2786.65
20190514,340201006,12152.69,2573
20190514,340201010,9866.7,2132.9
20190514,340201011,9219.83,1968.2
20190514,340201013,11682.87,2218.91
20190514,340201015,11466.91,2887.27
20190514,340201016,18596.09,4142.93
20190514,340201017,15081.26,4180.51
20190514,340201018,15091.78,2743.93
20190514,340201019,11121.01,2022.04
20190514,340201020,17818.53,4374.08
20190514,340201021,19984.77,5217.84
20190514,340201022,9537.68,1866.47
20190514,340201023,12529.6,2474.75
20190514,340201024,10953.35,2577.36
20190514,340201026,18075.03,5350.4
20190514,340201027,11863.32,3057.87
20190514,340201028,16358.03,3227.03
20190514,340201032,10751,3485.56
20190514,340201034,9828.51,2518.28
20190514,340201037,31723.57,4827.92
20190514,340201038,11000.96,2361.65
20190514,340201039,30849.71,9464.48
20190514,340201040,34354.78,6238.89
20190514,340201041,22892.8,4594.96
20190514,340201042,28457.17,6545.01
20190514,340201043,36826.44,7153.63
20190514,340201044,18768.74,4201.35
20190514,340201045,38586.05,8225.04
20190514,340201047,20954.03,6277.18
20190514,340201049,13466.28,3941.23
20190514,340201052,28894.71,6143.15
20190514,340201053,17980.54,3969.31
20190514,340201054,49384.78,10395.69
20190514,340201055,23000.93,4201.54
20190514,340221002,18239.88,5300.06
20190514,340221003,18398.39,4565.44
20190514,340221004,18862.34,5011.35
20190514,340221007,18003.43,4260.84
20190514,340221010,27246.51,8631.1
20190514,340221012,29696.3,4714.26
20190514,340221013,31461.95,7991.38
20190514,340222002,15051.52,3621.87
20190514,340222003,37450.48,7563.15
20190514,340222005,13189.12,2420.86
20190514,340222007,21578.79,4868.64
20190514,340222009,10030.15,1825.09
20190514,340222010,25837.98,4838.39
20190514,340222011,32277.68,5641.4
20190514,340222012,14526.36,2330.08
20190514,340222016,10793.82,2551.34
20190514,340222017,15389.12,3103.02
20190514,340222022,18297.39,4031.64
20190514,340223002,42868.91,8170.28
20190514,340223003,34097.27,6149.93
20190514,340223004,29645.55,6566.82
20190514,340223005,40795.89,9954.22
20190514,340223006,47761.31,8286.47
20190514,340223008,28406.7,4991.03
20190514,340223009,29193.17,5282.9
20190514,340223010,18109.95,3518.84
20190514,340223011,17240.44,4029.67
20190514,340223012,23423.55,4654.41
20190514,340223013,16757,3302.02
20190514,340223014,19584.55,3584.41
20190514,340223017,10986.5,1664.88
20190514,340223018,11744.63,1572.4
20190514,340225001,27994.79,9845.31
20190514,340225002,29795.11,5839.16
20190514,340225004,48103.18,5724.64
20190514,340225006,22960.66,3363.4
20190514,340225007,67313.42,15202.37
20190514,340225008,37691.67,4448.94
20190514,340225009,29706.88,5858.06
20190514,340225010,21311.92,4096.29
20190514,340225011,21859.41,3549.33
20190514,340225012,29525.51,6446.47
20190514,340225013,24176.94,4877.68
20190514,340225014,38220.61,8799.67
20190514,340225015,41355.31,7008.71
20190514,340225016,27518.7,4301.11
20190514,340225017,44784.3,12663.08
20190514,340225018,24576.63,6413.6
20190514,340225019,18855.52,3960.99
20190514,340225020,10708.29,1539.05
20190514,340225021,16127.54,2146.77
20190514,340225022,9650.75,1974.67
20190514,340301002,6903.85,2346.27
20190514,340301003,5843.25,1648.63
20190514,340301004,12218.92,3992.06
20190514,340301007,7628.69,2489.8
20190514,340301008,7544.48,1867.11
20190514,340301009,7155.56,1761.05
20190514,340301010,12603.26,4035.65
20190514,340301011,11463.22,2684.79
20190514,340301013,10008.9,2599.94
20190514,340301014,9310.02,2039.23
20190514,340301015,4123.41,1198.17
20190514,340301016,15214.23,2269.95
20190514,340301017,9491.01,2556.9
20190514,340301018,6326.22,1923.91
20190514,340301019,2301.52,778.2
20190514,340301020,9840.76,2444.75
20190514,340301021,7498.52,1861.22
20190514,340301022,12500.27,4231.46
20190514,340301024,9257.29,3261.86
20190514,340301025,24550.83,8627.8
20190514,340301026,20886.17,4776.34
20190514,340321002,8839.78,3781.97
20190514,340321003,15268.26,9727.56
20190514,340321004,11726.07,6766.77
20190514,340321005,12412.58,5616.95
20190514,340321006,11726.17,5592.38
20190514,340321007,14182.25,6252.59
20190514,340321008,8883.38,4409.54
20190514,340321009,13158.65,7041.87
20190514,340321010,17723.79,9757.58
20190514,340321011,24574.64,13570.26
20190514,340321012,12790.61,6346.17
20190514,340321013,9527.97,3139.94
20190514,340321014,10139.25,6432.03
20190514,340321015,12263.81,6764.87
20190514,340321016,10036.79,5433.05
20190514,340321018,12658.81,9947.74
20190514,340321019,14769.3,9132.72
20190514,340321020,10846.59,5732.18
20190514,340321021,12987.96,5974.64
20190514,340321023,10509.63,5314.01
20190514,340321024,10139.43,5365.3
20190514,340321025,18445.61,9488.02
20190514,340322001,16322.77,5832.03
20190514,340322002,33031.69,11960.93
20190514,340322003,12069.74,4674.05
20190514,340322004,24015.11,10295.98
20190514,340322005,20391.38,6943.77
20190514,340322006,26609.51,8641.75
20190514,340322007,19020.97,6403.06
20190514,340322008,29631.51,11890.41
20190514,340322010,29186.68,10049.22
20190514,340322011,26944.13,10656.84
20190514,340322012,19496.68,7262.64
20190514,340322013,18742.74,6660.11
20190514,340322015,13191.16,4385.31
20190514,340322016,20501.8,6884.97
20190514,340322017,15654.12,6626.03
20190514,340322021,10943.2,3470.22
20190514,340323001,11300.97,4430.24
20190514,340323002,10541.59,3968.34
20190514,340323003,19226.54,6570.67
20190514,340323006,19456.65,7111.47
20190514,340323007,23130.19,6278.88
20190514,340323008,18108.4,7013.26
20190514,340323009,16444.45,5681.14
20190514,340323010,16196.31,6827.97
20190514,340323011,13632.94,6225.61
20190514,340323012,14915.46,5664.34
20190514,340323013,5954.19,1697.54
20190514,340323014,7345.7,2844.49
20190514,340323015,5154.21,2334.3
20190514,340323016,14488.76,5177.61
20190514,340323017,19310.35,7478.92
20190514,340323018,12618.59,3937.18
20190514,340323019,14036.9,6459.94
20190514,340323020,10831.11,4240.33
20190514,340323021,9126.1,3601.5
20190514,340323022,11585.65,4823.26
20190514,340323023,10620.96,3611.78
20190514,340323024,12801.89,4557.15
20190514,340401002,9965.4,2530.81
20190514,340401004,12839,2532.64
20190514,340401005,11908.34,2004.76
20190514,340401006,11409.07,2160.59
20190514,340401007,8518.88,1917.64
20190514,340401009,22493.3,3213.51
20190514,340401010,10513.03,2360.5
20190514,340401011,16826.17,3741.09
20190514,340401012,12497.24,2113.4
20190514,340401013,13184.74,3556.55
20190514,340401014,24088.62,3532.24
20190514,340401015,13451.32,2365.74
20190514,340401016,14418.66,3408.57
20190514,340401017,14812.53,3177.06
20190514,340401018,14594.09,2654.84
20190514,340401019,15688.17,1601.54
20190514,340401020,23213.64,3775.35
20190514,340401021,16457.62,3338.4
20190514,340401022,20016.38,3763.52
20190514,340401026,24707.18,4478.46
20190514,340401028,15313.33,1805.57
20190514,340401029,19883.95,3994.36
20190514,340401031,16631.5,3227.29
20190514,340401032,20399.66,2889.93
20190514,340401033,19883.11,3882.97
20190514,340401035,13615.81,1575.13
20190514,340401036,16301.25,3197.39
20190514,340401038,11983.27,1208.34
20190514,340401040,25751.13,5299.37
20190514,340401041,14073.51,6755.98
20190514,340401042,32795.9,8684.43
20190514,340401043,26121.06,4352.55
20190514,340401047,36065.9,10737.73
20190514,340401048,18993.89,4042.63
20190514,340401049,17903.53,4560.9
20190514,340401051,21061.93,6641.65
20190514,340401052,15167.13,2182.18
20190514,340401053,13743.58,2282.22
20190514,340421002,20231.9,5708.26
20190514,340421003,30176.17,7813.19
20190514,340421004,51407.33,13680.43
20190514,340421005,32053.89,9672.43
20190514,340421006,26812.79,7721.79
20190514,340421007,24770.28,8968.84
20190514,340421008,43140.46,11475.01
20190514,340421009,27342.14,8245.61
20190514,340421010,34409.55,8666.54
20190514,340421012,25256.58,6268.94
20190514,340421013,29841.94,8297.78
20190514,340421014,24441.9,8292.74
20190514,340421015,31829.33,8747.39
20190514,340421016,26720.11,6183.56
20190514,340421017,34539.14,7982.42
20190514,340421019,23945.04,6114.4
20190514,340422101,32846.81,9231.94
20190514,340422102,17759.05,5918.8
20190514,340422103,19132.35,4218.64
20190514,340422105,19976.94,4322.78
20190514,340422106,31755.71,5620.34
20190514,340422107,14211.67,4501.4
20190514,340422108,20543.2,6675.56
20190514,340422109,18124.67,2628.67
20190514,340422110,17746.9,4479.94
20190514,340422111,22013.76,6772.85
20190514,340422112,25333.45,6080.73
20190514,340422113,7728.27,2345.88
20190514,340422114,22896.9,6251.32
20190514,340422115,10086.76,3233.47
20190514,340422117,28545.36,7950.07
20190514,340422118,39052.76,6899.07
20190514,340422119,18248.04,3591.83
20190514,340422120,21736.84,4552.71
20190514,340422121,39422.58,6114.97
20190514,340422122,27527.03,5778
20190514,340422123,12687.26,2399.23
20190514,340422125,18603.49,3778.24
20190514,340422126,28587.73,4762.04
20190514,340422127,14020.54,2494.9
20190514,340422128,35794.11,6960.23
20190514,340422129,13987.88,3652
20190514,340501001,6157.28,1262.18
20190514,340501003,14652.13,2649.21
20190514,340501004,10709.84,1390.09
20190514,340501006,5107.86,1125.03
20190514,340501007,8790.05,1603.2
20190514,340501008,6459.48,2070.47
20190514,340501009,19728.77,2865.82
20190514,340501010,9662.27,2419.84
20190514,340501012,8295.35,2022.03
20190514,340501013,7300.57,1127.24
20190514,340501014,19472.92,2400.17
20190514,340501015,8757.39,1419.27
20190514,340501016,4757.1,829.56
20190514,340501017,11140.22,1716.79
20190514,340501019,19049.92,4256.16
20190514,340501020,12743.65,1862.29
20190514,340501021,14831.99,2114.11
20190514,340501023,13269.06,1410.58
20190514,340501025,11285.08,2159.08
20190514,340501029,14556.51,2150.76
20190514,340501030,18799.09,3470.48
20190514,340521001,37126.74,6680.84
20190514,340521003,15098.28,2385.64
20190514,340521004,21731.51,4782.16
20190514,340521006,28817.3,3518.48
20190514,340521010,23329.86,5635.94
20190514,340521011,11751.64,2720.37
20190514,340521012,24461.44,8259.38
20190514,340521013,20881.83,3185.59
20190514,340521014,20904.01,3981.82
20190514,340521017,12617.36,3252.23
20190514,340521019,14652.69,3558.05
20190514,340521020,22369.47,4148.3
20190514,340521021,29131.79,5792.64
20190514,340521022,31644.18,5367.32
20190514,340521023,22528.47,6037.94
20190514,340521024,18117.96,5886.27
20190514,340521025,9834.21,3916.57
20190514,340522001,15722.78,3221.99
20190514,340522003,24495.31,4726.41
20190514,340522004,10891.43,1900.98
20190514,340522006,27144.2,6170.5
20190514,340522007,13490.75,3532.96
20190514,340522008,18835.93,5680.04
20190514,340522009,15426.4,3741.04
20190514,340522010,6873.91,1419.02
20190514,340522011,11136.11,2042.79
20190514,340522013,30587.54,4820.99
20190514,340522015,6530.83,1506.22
20190514,340523001,34970.52,7083.58
20190514,340523002,18896.7,4111.78
20190514,340523004,14708.63,2391.11
20190514,340523005,31720.49,4974.05
20190514,340523006,15845.87,2079.65
20190514,340523007,17539.32,5586.77
20190514,340523008,30477.05,5522.14
20190514,340523009,23397.57,6706.71
20190514,340523010,21421.84,4660.61
20190514,340523012,41921.56,6168.91
20190514,340523013,21916.34,3123.06
20190514,340601002,9855.9,2752.58
20190514,340601003,12206.13,2324.58
20190514,340601006,12044.85,3988.16
20190514,340601007,14615.1,4581.62
20190514,340601008,13649.04,4118.2
20190514,340601009,15863.42,4588.34
20190514,340601010,8770.87,1853.14
20190514,340601011,20332.96,3881.48
20190514,340601013,25731.54,4347.71
20190514,340601016,9236.14,2075.47
20190514,340601017,13276.5,3363.81
20190514,340601018,13004.07,1899.84
20190514,340601019,12650.22,1978.15
20190514,340601020,11568.33,1856.53
20190514,340601021,20336.38,4318.12
20190514,340601023,14283.16,2234.5
20190514,340601024,11748.14,2561.1
20190514,340601026,32649.98,5615.8
20190514,340601027,15695.55,3709.69
20190514,340601028,12079.71,3134.89
20190514,340601030,21634.9,5542.02
20190514,340601031,26502.57,5703.08
20190514,340601032,27819.49,5378.05
20190514,340601033,31912.82,6108.89
20190514,340601036,43807.79,8315.8
20190514,340621002,19613.23,4530.8
20190514,340621003,18013.8,5183.72
20190514,340621005,31989.47,6265.39
20190514,340621006,32401.05,9901.57
20190514,340621007,50579.44,9341.32
20190514,340621010,10971.47,2114.59
20190514,340621012,35780.57,7406.46
20190514,340621013,40645.5,8514.36
20190514,340621014,29860.02,7571.42
20190514,340621015,31694.74,7445.33
20190514,340621016,51045.75,11735.67
20190514,340621017,13477.15,4020.86
20190514,340621018,44024.59,12819.54
20190514,340621019,49809.04,15839.08
20190514,340621020,22640.46,5795.04
20190514,340621021,31381.37,7589.71
20190514,340621023,42347.41,9984.05
20190514,340621031,28077.19,6099.66
20190514,340621034,19022.37,5272.39
20190514,340701004,4777.57,1325.38
20190514,340701005,11616.69,2721.98
20190514,340701007,23338.35,4537.38
20190514,340701008,13406.57,2551.97
20190514,340701009,11993.17,2641.16
20190514,340701010,12388.55,2706.15
20190514,340701011,9248.29,2813.69
20190514,340701012,8460.12,1714.93
20190514,340701013,14293.5,2234.96
20190514,340701014,6063.86,1490.11
20190514,340701015,36874.43,5395.99
20190514,340701017,14991.47,2441.34
20190514,340701018,19641.84,3176.83
20190514,340701019,5886.37,2070.53
20190514,340701020,11112.16,2404.05
20190514,340701021,24871.93,3524.11
20190514,340701022,7313.68,1798.49
20190514,340701023,6789.86,1106.83
20190514,340701025,17674.3,3953.45
20190514,340701028,13794.54,2261.41
20190514,340701035,16409.96,2817.46
20190514,340701036,25374.87,2941.02
20190514,340701037,10228.9,1396.95
20190514,340701038,25247.4,3501.53
20190514,340701039,16755.97,2050.66
20190514,340701040,14818.6,1714.26
20190514,340701041,26390.06,3300.83
20190514,340701042,27364.25,3616.68
20190514,340701043,9299.14,1609.49
20190514,340701044,13648.42,1865.96
20190514,340701045,10864.7,1677.95
20190514,340701046,15936.93,1838.9
20190514,340701047,20717.94,3327.26
20190514,340701048,6708.72,1043.96
20190514,340722102,17130.89,1573.37
20190514,340722103,32439.32,5044.49
20190514,340722104,19964.21,1794.37
20190514,340722105,29117.57,3750.99
20190514,340722106,38831.26,3847.89
20190514,340722107,66567.39,7392.66
20190514,340722108,40670.36,4256.81
20190514,340722109,51733.15,4024.51
20190514,340722110,44271.8,3498.39
20190514,340722111,39306.56,3164.98
20190514,340722112,92733.37,10232.52
20190514,340722113,40875.18,4746.31
20190514,340722114,51208.62,5402.46
20190514,340722115,22838.12,2534.81
20190514,340722116,15726.16,1033.37
20190514,340722118,15884.61,1897.77
20190514,340722119,52576.92,5166.44
20190514,340722121,19287.87,2634.96
20190514,340722122,36819.08,3429.9
20190514,340722123,26154.77,2622.63
20190514,340722124,33295.22,3174.95
20190514,340722125,31448.75,2650.95
20190514,340722126,30469.76,6864.46
20190514,340801003,29149.82,4058.29
20190514,340801004,26954.75,3699.94
20190514,340801005,19220.01,1688.43
20190514,340801006,35241.86,10534.12
20190514,340801007,13791.91,3333.71
20190514,340801012,24599.55,2067.8
20190514,340801013,16963.92,1930.5
20190514,340801015,21556.41,3014.25
20190514,340801016,12198.93,1754.64
20190514,340801017,24932.3,1914.37
20190514,340801018,34307.14,3832.03
20190514,340801019,30223.8,4455.88
20190514,340801020,35546.37,4087.16
20190514,340801021,21759.95,4359.83
20190514,340801022,32605.84,7118.75
20190514,340801023,30477.29,5449.68
20190514,340801024,20491.51,3599.8
20190514,340801025,23432.22,6652.75
20190514,340801032,40281.31,5958.13
20190514,340801033,59201.39,7885.12
20190514,340801034,31048.8,11000.66
20190514,340822002,20108.96,2958.58
20190514,340822003,31494.76,3308.11
20190514,340822004,49188.69,10797.71
20190514,340822005,21144.49,4598.55
20190514,340822006,82040.79,8694.95
20190514,340822007,26071.26,4199.83
20190514,340822008,30093.46,6481.92
20190514,340822009,57142.64,8771.25
20190514,340822010,24478.95,4537.64
20190514,340822013,32949.09,4485.93
20190514,340822014,31185.68,4129.67
20190514,340822015,32717.77,4308.98
20190514,340822016,37955.79,6825.12
20190514,340822018,26805.27,3031.71
20190514,340822019,28099.26,4743.38
20190514,340822020,20156.17,1792.93
20190514,340822022,30226.16,3110.39
20190514,340822023,29928.21,4718.1
20190514,340822025,52543.53,8137.93
20190514,340822026,67436.72,8725.55
20190514,340822028,26317.44,3379.02
20190514,340822031,9774.61,1273.57
20190514,340824002,35173.18,5066.54
20190514,340824003,23921.43,2143.56
20190514,340824004,29768.81,4282.95
20190514,340824005,42356.42,5602.54
20190514,340824006,42206.2,9856.41
20190514,340824007,9195.38,1329.36
20190514,340824008,20174.64,3873.57
20190514,340824010,18745.15,2765.19
20190514,340824011,36094.31,4276.4
20190514,340824013,34316.44,5922.21
20190514,340824014,21381.21,4497.96
20190514,340824015,22946.24,3802.4
20190514,340824016,26443.18,3583.32
20190514,340824017,18100.55,2829.53
20190514,340824018,20592.37,3404.58
20190514,340824019,29672.57,3839.85
20190514,340824020,21184.55,4153.05
20190514,340824021,20403.57,5034.88
20190514,340825001,25588.89,4555.6
20190514,340825002,27778.78,5584.64
20190514,340825003,14602.54,2347.56
20190514,340825004,33387.12,11496.07
20190514,340825005,14937.65,4202.97
20190514,340825006,17066.99,4605.68
20190514,340825007,17257.31,3224.65
20190514,340825008,13200.45,4091.01
20190514,340825009,22897.05,5352.43
20190514,340825010,14112.64,3894.86
20190514,340825012,38201.77,7135.31
20190514,340825013,11196.07,3294.04
20190514,340825014,41124.31,7873.28
20190514,340825016,32608.15,8679.15
20190514,340825017,26161.57,5924.09
20190514,340826002,41466.52,9034.38
20190514,340826003,33549.17,5291.13
20190514,340826004,34914.55,6027.41
20190514,340826005,18123.44,3235.1
20190514,340826006,45594.12,10130.35
20190514,340826007,44993.06,10868.44
20190514,340826008,36587.84,9775.77
20190514,340826009,20018.06,5727.37
20190514,340826010,35041.71,8551.12
20190514,340826011,27978.55,6070.63
20190514,340826012,25037.56,5914.71
20190514,340826013,28345.65,7061.23
20190514,340826014,33015.15,6579.71
20190514,340826017,46449.9,9333.25
20190514,340826018,26990.46,7199.5
20190514,340826019,47067.22,9587.86
20190514,340826020,39580.88,10118.15
20190514,340826021,25010.63,4416.59
20190514,340826022,24691.49,4847.23
20190514,340827001,14934.75,2913.46
20190514,340827002,24280.37,4631.36
20190514,340827003,78584.45,10880.37
20190514,340827004,80414.6,12011.38
20190514,340827006,22603.49,4901.45
20190514,340827007,39832.09,4920.24
20190514,340827008,40183.2,7444.59
20190514,340827009,35863.49,6578.83
20190514,340827010,11577.79,1572.96
20190514,340827011,23667.97,4609.48
20190514,340827013,28877.21,4394.32
20190514,340827014,19684.39,3909.13
20190514,340827015,25174.35,5524.04
20190514,340827016,17336.99,4738.21
20190514,340827017,16018.93,2600.56
20190514,340827019,45293.92,5379.76
20190514,340827020,31634.5,5200.39
20190514,340827021,31189.66,4052.52
20190514,340827022,28058.45,6145.17
20190514,340827023,27920.24,4381.32
20190514,340828001,14633.15,4016.37
20190514,340828003,28954.87,5804.32
20190514,340828004,25068.73,8942.65
20190514,340828005,16963.28,5443.15
20190514,340828006,18680.73,5003.07
20190514,340828007,11480.17,2721.63
20190514,340828008,28772.48,4858.26
20190514,340828009,29410.3,5730.24
20190514,340828010,8702.83,2321.07
20190514,340828011,13879.65,4000.38
20190514,340881001,33770.52,4961.22
20190514,340881002,23105.05,3500.39
20190514,340881003,36262.15,5407.99
20190514,340881004,23860.99,2296.05
20190514,340881005,23471.06,2947.95
20190514,340881007,29355.5,2915.14
20190514,340881008,26660.65,2528.53
20190514,340881009,23812.91,3493.04
20190514,340881010,40149.15,5209.55
20190514,340881012,46975.69,6044.15
20190514,340881013,41835.86,4558.56
20190514,340881014,56462.79,7596.32
20190514,340881015,48183.75,6449.05
20190514,340881016,30100.55,4133.52
20190514,340881017,30255.53,3803.51
20190514,340881018,28071.08,4351.33
20190514,340881019,27116.52,2296.3
20190514,340881020,18980,2477.41
20190514,340881022,42300.63,4568.65
20190514,341001003,12528.72,3833.81
20190514,341001004,9304.52,2119.28
20190514,341001005,9788.58,2196.56
20190514,341001006,18414.26,2764.7
20190514,341001007,11447.42,2448.44
20190514,341001015,9084.51,1338.06
20190514,341003004,10358.55,1626.14
20190514,341003006,7595.15,1105.24
20190514,341003007,9744.88,1323.74
20190514,341003008,12841.24,2314.6
20190514,341003011,6448.75,840.38
20190514,341003012,6398.28,838.24
20190514,341003013,4245.14,821.34
20190514,341003014,3805.14,674.22
20190514,341003015,12613.87,1521.04
20190514,341003016,8627.6,1156.2
20190514,341003017,12469.8,2216.29
20190514,341003018,16180.2,2304.71
20190514,341003019,9645.3,1465.79
20190514,341003020,4239.8,471.58
20190514,341003022,5522.37,1427.09
20190514,341003023,3316.24,441.31
20190514,341021001,14248.56,1596.03
20190514,341021003,22501.6,3528.69
20190514,341021004,12082.58,1715.42
20190514,341021005,11076.92,1517.96
20190514,341021007,11854.54,1924.43
20190514,341021008,9337.03,1548.73
20190514,341021009,12349.92,1283.13
20190514,341021010,7814.21,828.19
20190514,341021011,21435.36,3471.36
20190514,341021012,22822.45,2856.96
20190514,341021013,6045.9,785.18
20190514,341021014,10215.93,1155.52
20190514,341021015,10412.67,1478.83
20190514,341021016,4884.4,760.39
20190514,341021017,16712.57,2164.75
20190514,341021018,16683.98,2613.53
20190514,341021019,19134,1976.93
20190514,341021022,15341.92,1879.5
20190514,341021024,3687.55,612.15
20190514,341021025,18402.85,2788.21
20190514,341021026,7569.87,846.3
20190514,341022003,8093.14,1136.63
20190514,341022004,10185.55,1344.61
20190514,341022005,14701.16,1111.49
20190514,341022006,14734.26,1608.64
20190514,341022008,6621.85,944.44
20190514,341022009,8798.33,937.95
20190514,341022010,11058.05,912.61
20190514,341022011,7346.22,1095.47
20190514,341022012,16874.69,1988.53
20190514,341022013,10468.67,1142.84
20190514,341022014,11461.92,1760.66
20190514,341023001,8281.41,1670.43
20190514,341023003,6165.62,1385.4
20190514,341023004,9935.46,1531.55
20190514,341023005,2750.38,382.54
20190514,341023006,3983.79,545.66
20190514,341023007,5335.56,1143.23
20190514,341024003,11335.59,873.52
20190514,341024004,11807.98,1178.06
20190514,341024005,14234.81,1746.65
20190514,341024006,19579.22,1953.38
20190514,341024007,18283.78,1670.66
20190514,341024008,11196,1605.58
20190514,341024009,16387.77,1961.37
20190514,341024010,9176.28,540.4
20190514,341101003,17959.8,3380.36
20190514,341101004,12727.01,2330.36
20190514,341101005,45300.1,8071.85
20190514,341101006,18862.67,2925.47
20190514,341101008,21620.56,3178.25
20190514,341101010,20964.04,4847.14
20190514,341101011,12792.93,2997.23
20190514,341101012,17898.06,3216.65
20190514,341101013,20359.33,3750.29
20190514,341101014,19236.15,4094.82
20190514,341101018,17245.86,2851.98
20190514,341101019,21767.9,4609.5
20190514,341122002,17501.3,3576.65
20190514,341122003,22209.34,4187.32
20190514,341122004,21024.8,4831.67
20190514,341122005,21124.61,8687.67
20190514,341122006,17866.72,2863.21
20190514,341122007,24928.7,3633.4
20190514,341122008,27019.19,6805.89
20190514,341122009,33406.29,4120.77
20190514,341122011,27405.54,2948.4
20190514,341124002,9539.89,2202.02
20190514,341124003,26953.48,6998.57
20190514,341124004,23123.38,3840.54
20190514,341124005,18578.51,3022.85
20190514,341124007,9179.75,2228.65
20190514,341124008,14622.01,3410.41
20190514,341124009,13688.86,3254.34
20190514,341124010,9945.09,2320.87
20190514,341124011,15061.37,2495.42
20190514,341124012,12733.07,4342.95
20190514,341124013,26019.77,4447.43
20190514,341125002,28679.68,11143.81
20190514,341125003,20721.2,6529.97
20190514,341125004,24094.93,5948.12
20190514,341125005,19835.21,5710.18
20190514,341125006,31205.23,6422.03
20190514,341125008,16212.22,4601.62
20190514,341125009,29233.09,7475.04
20190514,341125010,12448.89,3580.26
20190514,341125011,11855.64,3212.99
20190514,341125012,18873.36,7086.47
20190514,341125013,9861.36,3228.27
20190514,341126002,40358.85,16830.52
20190514,341126003,14530.65,11618.76
20190514,341126005,26339.17,8158.01
20190514,341126006,24082.4,11961.67
20190514,341126007,18991.6,5610.13
20190514,341126008,25690.78,9125.45
20190514,341126009,25677.75,10183.59
20190514,341126010,22407.33,7351.87
20190514,341126012,13481.75,3737.47
20190514,341181001,28664.74,4707.82
20190514,341181002,53011.46,10615.83
20190514,341181003,20724.2,5536.99
20190514,341181004,28127.1,6228.65
20190514,341181005,22871.77,4150.1
20190514,341181006,25940.06,5039.73
20190514,341181008,17112.12,3137.48
20190514,341181009,37735.56,12295.78
20190514,341181010,32610.19,4987.29
20190514,341181012,15298.51,3442.38
20190514,341181013,32968.41,5154.26
20190514,341181014,25388.48,3752.19
20190514,341182002,7824.63,1626.87
20190514,341182003,17398.62,5215.45
20190514,341182004,14745.12,2609.11
20190514,341182005,13407.74,3721.13
20190514,341182006,18591.56,4814.34
20190514,341182007,14539.44,5160.52
20190514,341182008,7732.17,2673.64
20190514,341182009,16803.98,5067.49
20190514,341182010,28389.96,6429.67
20190514,341182011,6144.27,846.85
20190514,341182013,19847.1,5284.83
20190514,341182014,18384.5,5301.84
20190514,341182015,20496.98,7040.44
20190514,341182016,10399.76,3315.56
20190514,341201001,21617.13,6775.59
20190514,341201002,12325.25,3448.82
20190514,341201003,11302.69,4450.58
20190514,341201004,20983.48,5767.35
20190514,341201005,30545.73,5484.12
20190514,341201007,13942.04,3349.08
20190514,341201008,18829.36,4885.28
20190514,341201009,24277.08,5942.25
20190514,341201011,14206.42,4638.47
20190514,341201012,29519.57,9523.58
20190514,341201013,24059.62,5938.32
20190514,341201014,10894.03,3427.66
20190514,341201015,20428.77,5760.38
20190514,341201016,18307.45,4071.46
20190514,341201017,20961.17,5930.14
20190514,341201018,21249.43,5110.9
20190514,341201019,21031.2,8280.73
20190514,341201020,32625.34,6938.88
20190514,341201021,20775.81,4673.45
20190514,341201023,34389.77,7025.8
20190514,341201025,34384.86,8643.54
20190514,341201026,25746.03,5203.78
20190514,341201027,31854.64,6180.88
20190514,341201028,34445.67,6651.96
20190514,341201030,43934.39,8544.82
20190514,341201031,20041.8,4181.43
20190514,341201032,18879.59,3868.11
20190514,341201033,31443.76,6227.05
20190514,341201034,28478.64,5763.93
20190514,341201035,13214.63,5669.54
20190514,341201037,17211.38,7909.08
20190514,341201038,21194.94,8645.1
20190514,341201042,34113.3,7848.5
20190514,341221001,48881.69,13609.5
20190514,341221002,38719.91,13043.1
20190514,341221003,38480.21,11406.57
20190514,341221004,45417.37,13072.37
20190514,341221005,39454.67,10764.84
20190514,341221006,40819.45,11683
20190514,341221007,46823.74,13036.92
20190514,341221008,38344.73,10640.87
20190514,341221009,34145.97,12233.91
20190514,341221010,52340.2,12886.87
20190514,341221011,34916.62,8819.8
20190514,341221012,71591.23,21793.08
20190514,341221013,49161.73,15072.64
20190514,341221015,30880.09,8206.36
20190514,341221016,34095.78,9045.11
20190514,341221017,36267.28,12494.86
20190514,341221018,37068.62,8980.28
20190514,341221019,54934.49,16127.21
20190514,341221020,34136.85,7548.63
20190514,341221021,40585.24,10222.55
20190514,341221022,31939,10733.69
20190514,341221023,37303.13,9910.3
20190514,341221024,22421.55,6299.36
20190514,341221025,21007.98,7058.48
20190514,341221026,39510.91,10369.7
20190514,341221027,41580.67,11606.14
20190514,341221028,30723.43,8993.65
20190514,341222001,25896.41,9898.37
20190514,341222002,18861.25,5925
20190514,341222003,36316.63,10433.12
20190514,341222004,10639.69,3962.71
20190514,341222005,24916.65,7735.14
20190514,341222006,15417.09,4890.74
20190514,341222007,36170.4,9049.53
20190514,341222009,31255.54,9862.74
20190514,341222010,57946.17,8028.57
20190514,341222011,68758.39,10463.68
20190514,341222012,47807.64,7907.67
20190514,341222013,51054.08,9492.32
20190514,341222014,74151.43,14484.39
20190514,341222015,47023.06,10394.16
20190514,341222016,53774.81,11451.17
20190514,341222017,42027.36,9612.61
20190514,341222018,48317.89,16564.58
20190514,341222019,71875.95,14251.64
20190514,341222020,34870.55,7651.62
20190514,341222021,44511.55,7741.79
20190514,341222022,43799.75,5838.63
20190514,341222023,32916.9,10223.34
20190514,341222024,48230.97,8718.6
20190514,341222025,51604.14,11136.68
20190514,341222026,43689.37,12080.78
20190514,341222027,38446.72,8472.23
20190514,341222028,28502.16,10177.86
20190514,341222029,34734.5,8149.42
20190514,341222030,38368.96,6620.64
20190514,341222031,32078.11,5731.76
20190514,341222035,26092.52,6940.89
20190514,341225001,19479.99,5783.35
20190514,341225002,21324.55,6505.01
20190514,341225003,21143.99,5561.45
20190514,341225004,30209.25,8201.9
20190514,341225005,13469.05,3990.73
20190514,341225006,48426.69,14364.22
20190514,341225008,30142.15,8547.89
20190514,341225009,33137.85,8989.16
20190514,341225011,30193.13,7194.62
20190514,341225012,26415.79,9156.25
20190514,341225013,50173.08,15103.92
20190514,341225014,34102.26,11005.18
20190514,341225015,48567.19,13332.73
20190514,341225016,32104.66,8156.02
20190514,341225017,33653.47,10094.83
20190514,341225018,59048.97,12669.98
20190514,341225019,27482.58,5693.47
20190514,341225020,29149.14,6354.03
20190514,341225021,36576.78,9445.28
20190514,341225023,19887.93,7041.47
20190514,341225027,20150.49,5269.78
20190514,341226001,26224.91,9300.11
20190514,341226002,41791.54,12714.88
20190514,341226004,27850.1,10624.49
20190514,341226005,36821.41,8906.13
20190514,341226006,26271.51,6806.62
20190514,341226007,22829.85,4754.25
20190514,341226008,23840.48,5791.38
20190514,341226009,31014.46,9232.12
20190514,341226011,23143.59,5839.68
20190514,341226012,26088.96,4693.68
20190514,341226013,18643.93,6092.35
20190514,341226014,26016.68,6546.75
20190514,341226015,27578.66,6749.37
20190514,341226016,24404.66,8633.71
20190514,341226017,18665.64,4102.28
20190514,341226018,28928.75,7222.48
20190514,341226019,30632.34,7999.98
20190514,341226020,21730.33,4349.23
20190514,341226021,30769.33,9094.11
20190514,341226022,25648.36,9167.31
20190514,341226023,11845.69,4699.69
20190514,341226026,16028.48,5786.02
20190514,341282001,21709.08,4876.01
20190514,341282002,21170.92,5126.68
20190514,341282003,34121.34,9950.76
20190514,341282004,26086.77,7252.69
20190514,341282005,34041.17,9678.05
20190514,341282006,45766.74,12123.09
20190514,341282007,34903.77,9780.62
20190514,341282008,31369.31,6952.22
20190514,341282009,26564.15,5749.42
20190514,341282010,20975.56,6366.85
20190514,341282011,32337.03,7563.09
20190514,341282013,36873.69,9792.81
20190514,341282014,25049.44,6431.59
20190514,341282015,26058.61,4987.76
20190514,341282016,37721.64,6085.27
20190514,341282019,24795.52,5993.86
20190514,341301001,28006,6934.88
20190514,341301002,12988.55,3736.86
20190514,341301003,10189.76,4983.72
20190514,341301004,30408.74,9710.79
20190514,341301005,25820.5,8128.23
20190514,341301006,19297.34,5429.13
20190514,341301007,19367.52,5191.08
20190514,341301009,24452,8335.15
20190514,341301010,27754.93,8723.23
20190514,341301011,15103.77,5305.86
20190514,341301012,12589.04,4770.52
20190514,341301013,32250.07,8778.18
20190514,341301014,33559.04,12509.11
20190514,341301015,45838.71,17894.84
20190514,341301017,22461.67,7136.38
20190514,341301020,30444.61,9019.17
20190514,341301021,23549.93,7072.47
20190514,341301023,42639.9,15648.45
20190514,341301025,43389.15,18198.37
20190514,341301026,43873.7,16939.29
20190514,341301027,52284.88,24367.03
20190514,341301028,42770.66,16262.71
20190514,341301029,32886.52,9351.36
20190514,341301030,30125.78,10046.12
20190514,341301032,40311.85,17516.77
20190514,341301034,32064.71,9138.68
20190514,341301036,19567.96,5497.87
20190514,341301038,26260.99,9262.36
20190514,341301039,20984.14,4542.94
20190514,341301040,49606.43,18464.8
20190514,341301041,26497.84,9662.77
20190514,341321001,21552.66,8566.03
20190514,341321002,17196.35,7645.35
20190514,341321003,20208.04,8818.82
20190514,341321004,43618.39,18592.71
20190514,341321005,32709.18,9393.61
20190514,341321006,31993.99,14817.77
20190514,341321007,52287.69,21470.26
20190514,341321008,20871.33,7937.68
20190514,341321009,27829.41,8203.98
20190514,341321010,15923.92,5182.68
20190514,341321011,24074.81,8196.46
20190514,341321012,29253.84,12148.9
20190514,341321013,34581.69,13264.41
20190514,341321014,41511.05,14705.08
20190514,341321016,17267.08,5848.56
20190514,341321017,28312.93,10291.76
20190514,341321018,32384.69,14188.54
20190514,341321019,34132.94,12515.91
20190514,341321020,19457.65,8381.42
20190514,341321021,34312.5,12909.71
20190514,341321022,27295.61,9640.13
20190514,341321023,15470.05,5168.1
20190514,341322002,60155.91,19078.55
20190514,341322004,26149.77,9001.62
20190514,341322005,34437.6,11940.27
20190514,341322006,44701.59,12905.4
20190514,341322007,28337.57,8149.18
20190514,341322008,20553.73,5839.98
20190514,341322012,17909.78,4506.13
20190514,341322013,27383.18,7095.6
20190514,341322014,32421.46,13142.53
20190514,341322015,40670.62,12208.14
20190514,341322016,19485.98,6286.68
20190514,341322017,31496.03,8665.51
20190514,341322018,19879.1,8566.52
20190514,341322019,18482.54,6510.24
20190514,341322020,18660.45,6790.55
20190514,341322021,19288.77,7590.61
20190514,341322022,24996.84,6946.29
20190514,341322023,37980.33,13929.66
20190514,341322024,18795.23,7618.58
20190514,341322025,19670.85,7361.5
20190514,341322026,32853.37,12623.94
20190514,341323002,26335.09,11704.13
20190514,341323003,28873.46,14887.36
20190514,341323004,32094.75,16636.78
20190514,341323005,37246.46,20144.1
20190514,341323006,39165.99,20478.96
20190514,341323008,29417.41,12283.3
20190514,341323009,31631.87,11588.27
20190514,341323010,42745.94,20869.99
20190514,341323011,32764.71,11465.19
20190514,341323012,34060.82,14116.56
20190514,341323013,39195.22,13537.97
20190514,341323014,29561.03,12541.09
20190514,341323016,22904.56,11486.16
20190514,341323017,25036.77,9588.18
20190514,341323018,37725.32,13242.18
20190514,341323019,34926.96,14789.99
20190514,341323020,25915.83,12626.72
20190514,341324001,31638.83,11480.75
20190514,341324003,35749.96,11476.91
20190514,341324004,33366.73,13464.4
20190514,341324005,58201.86,19616.23
20190514,341324006,38325.71,14669.44
20190514,341324007,44731.99,14892.73
20190514,341324008,27194.11,9133.28
20190514,341324009,38351.16,16267.3
20190514,341324010,39279.22,19133.58
20190514,341324011,37427.91,17959.42
20190514,341324012,41209.36,13481.68
20190514,341324015,13925.6,5084
20190514,341501001,20036.08,4908.89
20190514,341501002,21686.58,4031.14
20190514,341501003,26536.84,5183.44
20190514,341501005,21223.49,5793.12
20190514,341501007,26285,4562.07
20190514,341501008,22407.09,5752.53
20190514,341501011,27571.57,6080.46
20190514,341501012,37350.33,6985.41
20190514,341501013,42038.92,3212.68
20190514,341501014,28411.38,5288.51
20190514,341501015,56970.45,10897.51
20190514,341501017,27892.44,5343.1
20190514,341501018,41347.73,4367.83
20190514,341501019,22318.67,2870.02
20190514,341501020,44164.65,7580.72
20190514,341501021,44399.7,5666.67
20190514,341501022,25980.37,4646.41
20190514,341501023,50292.34,12950.83
20190514,341501024,31733.01,10558.63
20190514,341501025,25086.01,4406.78
20190514,341501026,18953.61,4582.41
20190514,341501027,23395.25,6131.09
20190514,341501028,27668.11,10608.76
20190514,341501029,19793.93,5117.76
20190514,341522001,26867.1,5921.25
20190514,341522002,26692.38,10506.21
20190514,341522004,41559.66,14010.95
20190514,341522005,53386.3,14391.84
20190514,341522006,37088.3,6623.92
20190514,341522007,40751.64,9971.25
20190514,341522008,30106.72,8801.92
20190514,341522009,30011.09,9904.42
20190514,341522010,28700.57,7603.08
20190514,341522011,31659.44,7289.38
20190514,341522012,44116.14,6060.39
20190514,341522013,37113.22,6516.18
20190514,341522014,25316.1,5217.3
20190514,341522015,44291.9,9311.75
20190514,341522016,25672.35,5516.52
20190514,341522018,23129.86,5603.11
20190514,341523001,57279.05,9755.64
20190514,341523003,27773.14,4554.97
20190514,341523004,22674.17,3451.57
20190514,341523005,42117.88,6106.06
20190514,341523006,23140.55,4311.89
20190514,341523007,17677.03,2563.86
20190514,341523008,20938.93,3290.07
20190514,341523009,30580.26,4802.67
20190514,341523010,34448.49,7759.93
20190514,341523011,25764.81,3508.67
20190514,341523012,33024.78,5445.6
20190514,341523013,45429.82,6928.6
20190514,341523014,12482.01,1784.99
20190514,341523015,27029.91,3646.96
20190514,341523016,22883.95,4034.97
20190514,341523017,36476.62,5769.8
20190514,341523018,37794.39,4156.62
20190514,341523019,31362.46,4578.25
20190514,341523020,32939.83,2672.73
20190514,341523021,22395.99,2761.68
20190514,341523022,34211.67,4490.9
20190514,341523023,27308.36,4228.52
20190514,341523025,32244.96,4172.01
20190514,341523026,25272.28,5715.41
20190514,341523028,5577.42,1181.36
20190514,341524001,19831.88,6354.82
20190514,341524003,10956.51,4173.25
20190514,341524004,31400.93,10151.38
20190514,341524006,24982.97,5217.98
20190514,341524007,22863.41,7498.04
20190514,341524008,28712.07,5433.62
20190514,341524009,21705.65,3598.18
20190514,341524011,48681.62,12210.31
20190514,341524012,23198.75,7352.63
20190514,341524014,25260.58,8046.33
20190514,341524017,17614.09,3962.21
20190514,341524018,7441.1,2275.53
20190514,341524019,12516.82,5572.93
20190514,341525002,37239.15,4894.9
20190514,341525003,32102.1,6515.23
20190514,341525004,12493.77,1775.57
20190514,341525005,17724.44,2427.55
20190514,341525006,21976.54,3921.77
20190514,341525007,11668.63,1953.24
20190514,341525008,24626.29,5601.78
20190514,341525009,15401.44,2290.23
20190514,341525010,16197.9,3118.1
20190514,341525011,25359.65,2467.94
20190514,341525013,17926.32,3187.61
20190514,341525014,30171.83,5742.16
20190514,341525015,17296.4,2031.48
20190514,341525016,18314.69,2870.7
20190514,341601001,9234.38,2719.62
20190514,341601002,6551.94,2926.07
20190514,341601003,14104.62,5437.5
20190514,341601004,8074.4,2686.19
20190514,341601005,10990.96,4032.32
20190514,341601006,15420.19,8009.79
20190514,341601007,13076.73,4220.77
20190514,341601008,9367.96,3751.58
20190514,341601009,6829.63,2847.69
20190514,341601010,6507.41,4770.24
20190514,341601011,4805.63,2551.13
20190514,341601012,8642.85,4076.13
20190514,341601013,8485.04,2951.83
20190514,341601014,13081.24,7464.99
20190514,341601015,8862.62,3239.49
20190514,341601016,5636.95,2214.92
20190514,341601018,25094.07,6769.5
20190514,341601019,39938.23,12293.39
20190514,341601020,30518.36,6887.73
20190514,341601022,22065.09,7532.62
20190514,341601023,28667.6,7366.23
20190514,341601024,21924.16,8031.37
20190514,341601025,24400.11,6813.63
20190514,341601027,49359.74,11889.4
20190514,341601028,30076.37,8192.5
20190514,341601029,29621.38,9161.03
20190514,341601030,14309.69,5447.34
20190514,341601031,23172.91,7318.84
20190514,341601037,12615.33,7427.97
20190514,341621002,17603.52,6180.98
20190514,341621003,17036.42,6598.15
20190514,341621004,19257.14,7195.98
20190514,341621005,19889.55,7449.62
20190514,341621007,43963.18,14186.7
20190514,341621008,29662.38,7367.41
20190514,341621009,15848.86,6523.81
20190514,341621010,10571.85,4033.73
20190514,341621011,36416.38,6883.9
20190514,341621012,32160.16,9193.87
20190514,341621013,37267.58,7926.52
20190514,341621014,29301.06,6702.81
20190514,341621015,39856.16,8724.83
20190514,341621016,40437.37,12332.63
20190514,341621017,31663.73,7676.22
20190514,341621018,19260.31,8809.2
20190514,341621019,24493.56,9216.56
20190514,341621020,20618.4,4150.84
20190514,341621021,33621.69,11991.55
20190514,341621022,39951.31,10425.75
20190514,341621023,30933.01,9036.79
20190514,341621024,15849.77,5296.81
20190514,341621025,22351.46,5713.91
20190514,341621026,34210.2,10142.14
20190514,341621027,22823.41,5217.74
20190514,341621028,30631.03,10286.8
20190514,341621029,37214.67,8725.54
20190514,341622001,23979.89,5167.75
20190514,341622002,30601.16,7009.33
20190514,341622003,20010.54,6153.53
20190514,341622004,15730.56,3760.16
20190514,341622005,36140.62,6939.22
20190514,341622006,21012.76,6043.03
20190514,341622007,22568.59,5620.81
20190514,341622008,28887.61,9715.76
20190514,341622009,22386.8,4773.34
20190514,341622010,32477.28,13248.86
20190514,341622012,22448.35,4827.85
20190514,341622013,37364.92,14445.72
20190514,341622014,23551.6,6737.67
20190514,341622015,41916.93,11213.5
20190514,341622016,37137.83,10623.13
20190514,341622017,24154.39,6107.82
20190514,341622018,24091.13,6860.52
20190514,341622019,21794.1,4220.01
20190514,341622020,23116.67,6973.32
20190514,341622021,23427.08,5269.71
20190514,341623001,20417.97,5226.37
20190514,341623002,18160.7,5508.37
20190514,341623003,43128.97,12913.7
20190514,341623005,18710.23,5023.55
20190514,341623006,33053.64,6701.12
20190514,341623008,17384.56,6474.43
20190514,341623009,14331.6,3140.36
20190514,341623010,21406.68,5665.92
20190514,341623011,32213.83,7461.36
20190514,341623012,35456.13,5997.91
20190514,341623013,47728.87,13207.04
20190514,341623014,41812.28,10516.19
20190514,341623015,16793.12,3145.92
20190514,341623016,43019.3,7109.25
20190514,341623017,20975.55,6201.22
20190514,341623018,29411.86,5745
20190514,341623019,24457.99,4577.25
20190514,341623020,33763.95,6724.12
20190514,341623021,29141.8,6326.17
20190514,341623022,23252.84,6979.93
20190514,341623023,15398.68,4161.24
20190514,341623024,25936.43,8463.94
20190514,341701002,14867.12,1772.71
20190514,341701005,9134.27,2395.59
20190514,341701007,22256.23,3728.39
20190514,341701008,14964.95,2558.48
20190514,341701009,18588.09,1910.25
20190514,341701011,20979.78,2385.99
20190514,341701012,26349.64,5045.03
20190514,341701013,12651.37,2133.93
20190514,341701014,14032.91,3042.15
20190514,341701015,12922.93,3212.8
20190514,341701016,19969.14,4462.8
20190514,341701017,30069.6,5925.12
20190514,341701018,17350.24,2681.36
20190514,341701019,15437.66,3063.51
20190514,341701020,9339.48,2473.52
20190514,341701021,10993.54,2271.82
20190514,341701022,31146.07,7809.59
20190514,341701023,25039.6,4271.09
20190514,341701024,12455.18,2988.58
20190514,341701025,27446.32,4235.21
20190514,341701026,28975.01,5978.49
20190514,341701027,6223.98,2682.54
20190514,341701028,16120.88,3120.04
20190514,341721002,47760.26,4457.86
20190514,341721004,35980.06,4742.12
20190514,341721005,30303.62,5148.09
20190514,341721006,31150.72,3360.93
20190514,341721007,27484.58,4738.25
20190514,341721008,17430.02,2856.64
20190514,341721009,23819.91,3144.26
20190514,341721010,35151.76,6245.74
20190514,341721011,40564.44,6727.34
20190514,341721012,22248.86,4164.66
20190514,341721013,9386.96,1415.57
20190514,341721014,12551.14,1944.58
20190514,341721015,7296.55,1035.72
20190514,341721016,30975.1,7068.7
20190514,341721017,9107.62,1913.08
20190514,341721018,19940.84,5011.97
20190514,341721019,45473.52,8555.73
20190514,341721020,26345.09,4183
20190514,341721021,14002.84,2348.42
20190514,341722002,12079.16,2812.96
20190514,341722003,5691.2,1275.47
20190514,341722004,12160.02,2595.08
20190514,341722005,8106.04,1384.34
20190514,341722006,10756.38,2530.91
20190514,341722007,20887.35,4070.95
20190514,341722008,9871.15,1944.96
20190514,341723001,17795.45,3782.97
20190514,341723003,13059.36,1758.41
20190514,341723004,21573.07,3433.79
20190514,341723005,13969.48,1737.79
20190514,341723006,15767.15,1890.71
20190514,341723007,13129.78,1875.49
20190514,341723008,23687.6,3925.54
20190514,341723009,8200.97,923.2
20190514,341723010,22784.9,3526.38
20190514,341723011,12735.87,2229.39
20190514,341723013,9232.54,1408.56
20190514,341801001,27400.05,5745.75
20190514,341801004,20744.85,3840.99
20190514,341801005,38426.15,11996.98
20190514,341801007,23141.73,5985.41
20190514,341801008,25117.41,4178.5
20190514,341801009,11191.66,2747.09
20190514,341801010,23754.44,5615.37
20190514,341801011,29784.75,6487.17
20190514,341801013,15465.23,2478.52
20190514,341801015,23836.09,6092.04
20190514,341801016,38231.54,6712.69
20190514,341801017,27929.42,5843.72
20190514,341801018,34326.38,7531.33
20190514,341821002,13547.01,3925.17
20190514,341821004,14033.44,2347.62
20190514,341821005,12697.12,2209.45
20190514,341821006,10637.4,1361.84
20190514,341821007,42335.37,7864.14
20190514,341821008,20564.98,5648.64
20190514,341821009,18464.28,3433.97
20190514,341821010,19372.76,5092.36
20190514,341822002,18819.49,5310.47
20190514,341822003,14958.03,3789.26
20190514,341822004,13004.59,3996.06
20190514,341822006,21844.79,5903.77
20190514,341822007,20012.83,5419.78
20190514,341822008,14948.8,4896.67
20190514,341822009,21770.02,5998.12
20190514,341822010,22923.81,6886.01
20190514,341822011,14576.87,4918
20190514,341822012,11783.68,3417.32
20190514,341823001,10549.59,1282.32
20190514,341823002,13486.31,2052.19
20190514,341823003,16639.22,2870.04
20190514,341823005,16364.96,3039.82
20190514,341823006,11159.55,1974.59
20190514,341823007,19633.55,2882.68
20190514,341823008,26367.12,3246.33
20190514,341823009,13427.15,1990.66
20190514,341823010,17290.47,3346.47
20190514,341823011,13138.67,2005.56
20190514,341823012,10271.01,1526.28
20190514,341823013,10922.41,2870.24
20190514,341823014,29086.78,6698.17
20190514,341823016,10898.12,3739.49
20190514,341824002,40280.82,12132.5
20190514,341824004,12906.93,2373.62
20190514,341824005,8891.01,1588.82
20190514,341824006,8622.39,1754.96
20190514,341824007,8935.79,1339.53
20190514,341824008,10035.21,1484.77
20190514,341824009,9096.11,1211.74
20190514,341825002,9012.56,1605.08
20190514,341825003,20325.56,3089.94
20190514,341825004,10011.26,2002.09
20190514,341825005,12395.85,2859.03
20190514,341825006,15938.57,2966.4
20190514,341825007,17760.43,3427.45
20190514,341825008,8337.5,2304.87
20190514,341825012,5266.23,1362.33
20190514,341881002,23816.33,4472.48
20190514,341881003,10389.51,2066.27
20190514,341881004,9446.31,2555.56
20190514,341881005,4970,1079.31
20190514,341881006,16027.04,4950.8
20190514,341881007,4778.71,1203.07
20190514,341881008,8170.32,2087.5
20190514,341881009,8553.1,1824.06
20190514,341881010,8719.2,2117.21
20190514,341881011,22007.27,6678.26
20190514,341881013,26998.56,5807.27
20190514,341881014,10811.75,2554.26
20190514,341881015,18459.33,7327.17
20190514,341881016,19815.9,5555.67
