#日期,机构,余额,活期余额
20190512,340101011,30677.36,8004.79
20190512,340101012,37435.78,16959.68
20190512,340101015,22981.94,6033.16
20190512,340101016,37921.1,9197.46
20190512,340101017,18245.91,5292.1
20190512,340101018,20584.93,5617.97
20190512,340101021,12531.86,4702.38
20190512,340101023,9609.04,3813.95
20190512,340101024,14799.94,2834.51
20190512,340101025,27717.96,6268.15
20190512,340101028,41903.46,10914.53
20190512,340101029,10279.19,2758.34
20190512,340101031,29420.5,7458.91
20190512,340101032,23461.92,6522.19
20190512,340101034,22438.2,6847.81
20190512,340101036,22134.84,5177.68
20190512,340101037,20339.54,7654.29
20190512,340101038,18555.41,4339.21
20190512,340101039,14028.19,2657.3
20190512,340101040,19149.68,4439.75
20190512,340101042,12488.45,3344.41
20190512,340101043,29694.23,5748.71
20190512,340101044,10445.05,3252.55
20190512,340101045,46923,7173.09
20190512,340101047,13434.94,3104.99
20190512,340101049,10578.15,3660.1
20190512,340101050,29442.8,6902.71
20190512,340101051,23373.77,11799.93
20190512,340101052,15266.98,2888.93
20190512,340101053,12478.87,3491.8
20190512,340101054,13769.35,5141.74
20190512,340101057,13833.88,4328.42
20190512,340101059,10831.69,2380.51
20190512,340101061,13578.2,4329.33
20190512,340101062,14574.46,4712.78
20190512,340101064,36075.39,10579.56
20190512,340101065,22212.63,4070.53
20190512,340101066,6356.09,1432.75
20190512,340101067,13563.26,5336.16
20190512,340121001,21067,6906.28
20190512,340121003,7215.79,3062.26
20190512,340121004,18108.64,6432
20190512,340121005,36626.94,9720.37
20190512,340121007,31658.79,8643.29
20190512,340121008,23165.19,6861.32
20190512,340121009,25022.78,12235.61
20190512,340121010,16999.22,6846.51
20190512,340121011,29092.79,13292.18
20190512,340121017,17353.36,5720.98
20190512,340121018,22807.71,7978.34
20190512,340121020,5900.18,1961.03
20190512,340122001,38717.71,13047.65
20190512,340122002,34114.16,9145.06
20190512,340122003,14451.66,2831.95
20190512,340122004,8199,3275.4
20190512,340122005,3426.74,1151.09
20190512,340122006,33188.94,8992.73
20190512,340122007,21263.26,3665.3
20190512,340122008,24865.18,7457.83
20190512,340122009,24130.83,9494.03
20190512,340122011,32176.31,4680.5
20190512,340122012,15718.53,3188.31
20190512,340122013,20078.57,6036.84
20190512,340122014,19564.6,5100.74
20190512,340122015,14296.28,4057.08
20190512,340122016,23428.93,4361.86
20190512,340122017,15993.07,5842.29
20190512,340122018,12709.27,5248.36
20190512,340122019,22661.36,3155.76
20190512,340122020,26930.22,8594.57
20190512,340122021,25188.7,7153.42
20190512,340123001,32880.8,8372.87
20190512,340123005,48677.94,9701.9
20190512,340123006,34858.52,7999.97
20190512,340123007,52052.06,9394.97
20190512,340123008,43036.22,9620.13
20190512,340123010,25709.42,6084.08
20190512,340123011,54791.85,14627.64
20190512,340123013,43306.38,9587.26
20190512,340123014,24138.15,4801.1
20190512,340123015,34205.53,7517.22
20190512,340123016,36719.45,7076.36
20190512,340123018,34792.77,9739.07
20190512,340123019,33241.7,7002.62
20190512,340124001,19585.6,4853.37
20190512,340124002,44133.72,11888.25
20190512,340124003,23987.44,4420.01
20190512,340124004,35712.6,4451.2
20190512,340124005,32691.69,5358.24
20190512,340124006,23720.34,4940.86
20190512,340124008,32146.68,3206.19
20190512,340124009,43069.5,5684.28
20190512,340124010,11530.36,2263.54
20190512,340124011,31051.31,5784.44
20190512,340124012,23969.51,3279.93
20190512,340124013,18864.36,3213.72
20190512,340124014,32986.61,7808.49
20190512,340124015,27993.67,5139.61
20190512,340124016,27635.43,5229.29
20190512,340124017,19033.92,3717.58
20190512,340124018,29744.04,6141.7
20190512,340124019,17804.28,2115.43
20190512,340124020,5540.48,891.12
20190512,340124021,16709.41,3244.6
20190512,340124022,26637.54,3604.55
20190512,340124023,8848.15,1745.33
20190512,340124024,24866.58,2168.62
20190512,340124025,16441.25,5138.42
20190512,340181003,13206.71,2309.26
20190512,340181004,23842.48,6937.07
20190512,340181005,17334.36,2804.62
20190512,340181006,22196.3,3604.44
20190512,340181007,21954.4,3547.47
20190512,340181008,8449.55,1773.36
20190512,340181009,12545.89,2201.08
20190512,340181010,39029.03,8490.1
20190512,340181011,23824.08,6786.8
20190512,340181012,17373.1,5206.26
20190512,340181013,12779.46,2772.78
20190512,340181016,21016.29,2232.67
20190512,340181017,24484.01,3914.93
20190512,340181018,28679.97,4068.68
20190512,340181020,36413.56,5998.67
20190512,340181021,25679.45,3497.19
20190512,340181022,21747.91,3724.69
20190512,340181023,21517,5208.49
20190512,340181024,13562.96,2656.21
20190512,340181025,17704.31,2122.56
20190512,340181026,15623.89,4244.31
20190512,340201002,8499.61,2025.39
20190512,340201005,12015.13,2438.23
20190512,340201006,11983.1,2410.04
20190512,340201010,9757.96,2012.91
20190512,340201011,9232.36,1929.29
20190512,340201013,11646.65,2119.72
20190512,340201015,11440.28,2879.14
20190512,340201016,18267.84,3833.32
20190512,340201017,15011.83,4092.17
20190512,340201018,14977.94,2624.23
20190512,340201019,11020.4,1925.82
20190512,340201020,17561.39,4147.6
20190512,340201021,19698.67,4959.33
20190512,340201022,9482.54,1797.34
20190512,340201023,12473.21,2409.05
20190512,340201024,10888.89,2492.4
20190512,340201026,17560.68,4846.45
20190512,340201027,11685.76,2876.69
20190512,340201028,16264.94,3153.88
20190512,340201032,10636.24,3350.79
20190512,340201034,9756.48,2476.46
20190512,340201037,31531.81,4631.07
20190512,340201038,10955.22,2327.36
20190512,340201039,30887.13,9537.44
20190512,340201040,34162.26,6057.4
20190512,340201041,22933.97,4586.9
20190512,340201042,28591.2,6671.33
20190512,340201043,36789.6,7010.89
20190512,340201044,18547.26,3947.04
20190512,340201045,38521.29,8156.92
20190512,340201047,21057.71,6383.23
20190512,340201049,13350.71,3816.32
20190512,340201052,28873.39,6068.59
20190512,340201053,18026,4014.67
20190512,340201054,49293.57,10243.95
20190512,340201055,22982.77,4209.59
20190512,340221002,18203.77,5240.94
20190512,340221003,18453.19,4617.63
20190512,340221004,18975.91,5061.01
20190512,340221007,17964.99,4207.02
20190512,340221010,27444.73,8806.98
20190512,340221012,29711.8,4718.56
20190512,340221013,31563.97,8056.34
20190512,340222002,14941.13,3502.81
20190512,340222003,37299.08,7390.85
20190512,340222005,13081.96,2323.16
20190512,340222007,21563.38,4845.24
20190512,340222009,10004.17,1763.99
20190512,340222010,25750.34,4761.64
20190512,340222011,32209.65,5443.84
20190512,340222012,14570.63,2342.17
20190512,340222016,10775.15,2508.7
20190512,340222017,15377.33,3073.75
20190512,340222022,18226.56,3936.36
20190512,340223002,42761.71,8094.84
20190512,340223003,34073.17,6119.71
20190512,340223004,29593.67,6539.96
20190512,340223005,40454.56,9607.27
20190512,340223006,47576.46,8089.1
20190512,340223008,28222.03,4769.05
20190512,340223009,29139.6,5221.99
20190512,340223010,18058.42,3461.27
20190512,340223011,17188.27,3965.74
20190512,340223012,23401.11,4635.61
20190512,340223013,16680.26,3225.49
20190512,340223014,19569.53,3562.12
20190512,340223017,11017.03,1683.94
20190512,340223018,11767.9,1586.2
20190512,340225001,28020.23,9857.86
20190512,340225002,29811.04,5898.13
20190512,340225004,48177.21,5752.64
20190512,340225006,22970.69,3384.47
20190512,340225007,67298.1,15209.33
20190512,340225008,37720.95,4434.98
20190512,340225009,29774.38,5895.88
20190512,340225010,21297.64,4072.65
20190512,340225011,21913.92,3572.08
20190512,340225012,29552.37,6460.21
20190512,340225013,24243.54,4921.99
20190512,340225014,38320.97,8874.57
20190512,340225015,41347.99,6990.39
20190512,340225016,27506.15,4303.12
20190512,340225017,44631.66,12478.95
20190512,340225018,24617.83,6463.09
20190512,340225019,18928.21,4031.85
20190512,340225020,10712.73,1542.95
20190512,340225021,16138.67,2156.33
20190512,340225022,9659.68,1954.76
20190512,340301002,6895.78,2339.11
20190512,340301003,5799.92,1604.44
20190512,340301004,12269.97,3973.91
20190512,340301007,7751.86,2612.12
20190512,340301008,7481.03,1785.02
20190512,340301009,7118.38,1719.43
20190512,340301010,12710.3,4114.56
20190512,340301011,11454.28,2695.95
20190512,340301013,10025.4,2622.51
20190512,340301014,9340.18,2068.62
20190512,340301015,4080.92,1143.57
20190512,340301016,15354.61,2422.33
20190512,340301017,9465.04,2568.1
20190512,340301018,6361.42,1961.17
20190512,340301019,2295.25,781.54
20190512,340301020,9767.32,2376.11
20190512,340301021,7538.54,1891.68
20190512,340301022,12471.19,4218.33
20190512,340301024,9235.49,3209.03
20190512,340301025,24552.35,8611.72
20190512,340301026,20917.76,4782.69
20190512,340321002,8856.96,3815.29
20190512,340321003,15288.1,9746.31
20190512,340321004,11756.15,6787.7
20190512,340321005,12369.41,5565.24
20190512,340321006,11782.97,5674.31
20190512,340321007,14236.47,6307.59
20190512,340321008,8967.25,4488.1
20190512,340321009,13150.91,7017.07
20190512,340321010,17706.41,9732.44
20190512,340321011,24733.84,13724.96
20190512,340321012,12792.83,6350.43
20190512,340321013,9540.46,3140.86
20190512,340321014,10204.51,6459.13
20190512,340321015,12237.77,6727.63
20190512,340321016,10024.51,5415.58
20190512,340321018,12711.56,10012.82
20190512,340321019,14774.88,9124.98
20190512,340321020,10662.43,5548.11
20190512,340321021,13029.1,6030.73
20190512,340321023,10496.74,5290.46
20190512,340321024,10074.36,5342.34
20190512,340321025,18649.58,9632.24
20190512,340322001,16372.58,5846.43
20190512,340322002,32994.12,11912.22
20190512,340322003,12058.78,4663.39
20190512,340322004,24164.83,10438.01
20190512,340322005,20388.25,6942.7
20190512,340322006,26545.95,8599.63
20190512,340322007,19070.02,6457.9
20190512,340322008,29687.18,11957.95
20190512,340322010,29171.6,10016.65
20190512,340322011,26957.44,10659.96
20190512,340322012,19515.69,7267.14
20190512,340322013,18684.97,6595.4
20190512,340322015,13112.97,4275.46
20190512,340322016,20587.96,6963.33
20190512,340322017,15712.98,6681.84
20190512,340322021,10990.05,3482.78
20190512,340323001,11291.9,4427.02
20190512,340323002,10566.31,3976.37
20190512,340323003,19181.07,6480.66
20190512,340323006,19490.11,7107.35
20190512,340323007,23187.19,6345.47
20190512,340323008,18166.16,7018.26
20190512,340323009,16456.45,5696.39
20190512,340323010,16284.82,6869.59
20190512,340323011,13655.11,6244.89
20190512,340323012,14955.65,5701.89
20190512,340323013,5953.67,1688.23
20190512,340323014,7373.59,2850.69
20190512,340323015,5191.48,2359.7
20190512,340323016,14509.76,5187.17
20190512,340323017,19303.77,7481.17
20190512,340323018,12651.33,3961.96
20190512,340323019,14073.71,6498.63
20190512,340323020,10774.95,4182.07
20190512,340323021,9133.43,3598.82
20190512,340323022,11572.96,4819.23
20190512,340323023,10628.36,3607.25
20190512,340323024,12910.36,4654.41
20190512,340401002,10012.72,2581.05
20190512,340401004,12868.37,2559.71
20190512,340401005,11969.73,2069.51
20190512,340401006,11527.23,2278.26
20190512,340401007,8449.88,1835.96
20190512,340401009,22388.58,3122
20190512,340401010,10476.73,2256.92
20190512,340401011,16853.23,3757.39
20190512,340401012,12485.38,2075.24
20190512,340401013,13157.54,3532.11
20190512,340401014,24140.24,3618.86
20190512,340401015,13757.3,2386.62
20190512,340401016,14587.59,3574.18
20190512,340401017,14854.57,3178.13
20190512,340401018,14591.48,2654.65
20190512,340401019,15643.89,1585.56
20190512,340401020,23195.18,3782.79
20190512,340401021,16544.01,3434.4
20190512,340401022,19920.49,3660.49
20190512,340401026,24798.37,4542.18
20190512,340401028,15359.74,1822.05
20190512,340401029,19975.28,4044.45
20190512,340401031,16521.48,3123.1
20190512,340401032,20300.28,2781.05
20190512,340401033,19823.28,3742.83
20190512,340401035,13729.31,1682.55
20190512,340401036,16266.46,3178.3
20190512,340401038,11955.02,1173.96
20190512,340401040,25664.43,5183.99
20190512,340401041,14039.74,6746.95
20190512,340401042,32927.18,8708.73
20190512,340401043,26150.3,4310.73
20190512,340401047,36092.56,10772.42
20190512,340401048,19039.62,4096.92
20190512,340401049,17909.23,4534.35
20190512,340401051,21033.63,6593.03
20190512,340401052,15130.81,2155.17
20190512,340401053,13832.96,2324.86
20190512,340421002,20349.54,5840.72
20190512,340421003,30145.12,7813.42
20190512,340421004,51686.89,13820.75
20190512,340421005,31977.41,9669.78
20190512,340421006,26727,7597.32
20190512,340421007,24838.52,8990.65
20190512,340421008,43152.96,11398.82
20190512,340421009,27360.01,8239.06
20190512,340421010,34493.43,8742.36
20190512,340421012,25238.86,6265.41
20190512,340421013,29835.34,8257.42
20190512,340421014,24615.09,8432.7
20190512,340421015,31746.74,8690.61
20190512,340421016,26806.66,6237.26
20190512,340421017,34524.33,7922.51
20190512,340421019,23943.33,6110.2
20190512,340422101,32774.88,9078.07
20190512,340422102,17785.53,5955.36
20190512,340422103,19149.47,4219.86
20190512,340422105,20056.59,4386.63
20190512,340422106,31902.56,5719.32
20190512,340422107,14197.13,4493.74
20190512,340422108,20636.1,6773.18
20190512,340422109,18108.39,2629.12
20190512,340422110,17750.05,4481.02
20190512,340422111,22062.43,6826.9
20190512,340422112,25362.91,6094.22
20190512,340422113,7759.3,2357.62
20190512,340422114,22797.44,6152.43
20190512,340422115,10124.41,3269.1
20190512,340422117,28498.02,7901.17
20190512,340422118,38994.99,6818.93
20190512,340422119,18238.74,3600.26
20190512,340422120,21717.86,4521.26
20190512,340422121,39477.22,6181.45
20190512,340422122,27528.95,5773.58
20190512,340422123,12623.93,2321.18
20190512,340422125,18564.42,3719.09
20190512,340422126,28490.4,4669.77
20190512,340422127,14088.88,2506.21
20190512,340422128,35769.76,6946.2
20190512,340422129,13985.22,3621.63
20190512,340501001,6196.47,1302.76
20190512,340501003,14624.85,2528.96
20190512,340501004,10769.64,1413.58
20190512,340501006,5121.91,1140.03
20190512,340501007,8767.25,1595.06
20190512,340501008,6513.35,2117.14
20190512,340501009,19649.37,2800.49
20190512,340501010,9632.72,2393.47
20190512,340501012,8319.57,2054.4
20190512,340501013,7282.78,1103.28
20190512,340501014,19426.39,2375.91
20190512,340501015,8858.72,1528.05
20190512,340501016,4743.84,798.34
20190512,340501017,11214.93,1790.71
20190512,340501019,19069.34,4313.76
20190512,340501020,12767.54,1877.22
20190512,340501021,14815.07,2103.11
20190512,340501023,13243.28,1385.38
20190512,340501025,11300.89,2167.24
20190512,340501029,14565.52,2162.95
20190512,340501030,18715.64,3403.94
20190512,340521001,37117.73,6648.32
20190512,340521003,15020.1,2363.93
20190512,340521004,21704.37,4760.63
20190512,340521006,28780.73,3479.1
20190512,340521010,23136.71,5482.6
20190512,340521011,11777.06,2710.44
20190512,340521012,22894.38,6716.15
20190512,340521013,20835.23,3158.66
20190512,340521014,20889.02,3916.48
20190512,340521017,12614.51,3255.14
20190512,340521019,14691.62,3561.18
20190512,340521020,22564.55,4326.21
20190512,340521021,28915.29,5579.21
20190512,340521022,31625.33,5331.08
20190512,340521023,22384.05,5912.34
20190512,340521024,18183.62,5946.29
20190512,340521025,9856.96,3924.06
20190512,340522001,15578.58,3078.07
20190512,340522003,24600.66,4865.12
20190512,340522004,10786.25,1801.69
20190512,340522006,27197.63,6203.79
20190512,340522007,13541.57,3584.9
20190512,340522008,18894.28,5707.69
20190512,340522009,15430.42,3746.34
20190512,340522010,6886.09,1440.85
20190512,340522011,11133.88,2035.64
20190512,340522013,30283.34,4495.24
20190512,340522015,6519.98,1494.29
20190512,340523001,34959.72,7053.96
20190512,340523002,18914.09,4106.34
20190512,340523004,14699.05,2353.16
20190512,340523005,31688.32,4946.56
20190512,340523006,15884.56,2121.32
20190512,340523007,17460.36,5510.37
20190512,340523008,30451.45,5519.83
20190512,340523009,23437.89,6733.65
20190512,340523010,21358.02,4583.86
20190512,340523012,41880.89,6207.53
20190512,340523013,21897.83,3130.77
20190512,340601002,9813.27,2709.57
20190512,340601003,12174.97,2304.23
20190512,340601006,11966.99,3941.15
20190512,340601007,14556.95,4522.12
20190512,340601008,13665.56,4058.09
20190512,340601009,15987.25,4716.77
20190512,340601010,8743.56,1814.77
20190512,340601011,20350.41,3913.83
20190512,340601013,25748.73,4372.37
20190512,340601016,9232.14,2075.28
20190512,340601017,13127,3222.61
20190512,340601018,12933.02,1882.87
20190512,340601019,12655.42,2001.56
20190512,340601020,11484.24,1800.47
20190512,340601021,20327.06,4304.8
20190512,340601023,14329.19,2236.41
20190512,340601024,11727.22,2543.01
20190512,340601026,32670.25,5620.35
20190512,340601027,15813.26,3821.69
20190512,340601028,12134.68,3133.82
20190512,340601030,21709.26,5625.87
20190512,340601031,26397.53,5583.14
20190512,340601032,27800.5,5349.45
20190512,340601033,31897.01,6076.23
20190512,340601036,43904.5,8396.97
20190512,340621002,19497.14,4546.18
20190512,340621003,18151.46,5340.68
20190512,340621005,31992.78,6257.24
20190512,340621006,32618.67,10087.99
20190512,340621007,50542.78,9248.54
20190512,340621010,10901.98,2058.9
20190512,340621012,35832.03,7461.28
20190512,340621013,40676.44,8549.66
20190512,340621014,29859.55,7535.55
20190512,340621015,31711.67,7446.5
20190512,340621016,50864.66,11516.25
20190512,340621017,13432.06,3993.95
20190512,340621018,43988.28,12781.18
20190512,340621019,49937.78,15892.69
20190512,340621020,22783,5840.18
20190512,340621021,31343.59,7550.25
20190512,340621023,42309.82,9932.86
20190512,340621031,28124.59,6128.52
20190512,340621034,19071.26,5341.08
20190512,340701004,4860.67,1388.58
20190512,340701005,11815.8,2941.84
20190512,340701007,23438.63,4543.42
20190512,340701008,13407.83,2552.73
20190512,340701009,11972.32,2627
20190512,340701010,12392.97,2678.2
20190512,340701011,9141.46,2711.01
20190512,340701012,8463.19,1706.39
20190512,340701013,14399.27,2321.56
20190512,340701014,6067.78,1471.92
20190512,340701015,37127.68,5582.49
20190512,340701017,15040.51,2486.46
20190512,340701018,19763.41,3268.35
20190512,340701019,5836.55,2025.64
20190512,340701020,11282.64,2596.59
20190512,340701021,25062.36,3526.66
20190512,340701022,7276.57,1732.13
20190512,340701023,6791.14,1109.56
20190512,340701025,17665.89,3973.29
20190512,340701028,14012.79,2459.21
20190512,340701035,16439.83,2852.91
20190512,340701036,25440.05,2986.82
20190512,340701037,10261.26,1401.28
20190512,340701038,25250.79,3458.73
20190512,340701039,16737.44,2042.69
20190512,340701040,14824.44,1723.05
20190512,340701041,26477.57,3306.11
20190512,340701042,27346.83,3611.17
20190512,340701043,9344.9,1648.97
20190512,340701044,13652.58,1864.33
20190512,340701045,10860.48,1672.7
20190512,340701046,15967.08,1854.45
20190512,340701047,20564.01,3238.95
20190512,340701048,6719.03,1061.69
20190512,340722102,17203.88,1584.79
20190512,340722103,32585.31,5199.79
20190512,340722104,20002.67,1832.67
20190512,340722105,28897.13,3506.85
20190512,340722106,38882.91,3881.56
20190512,340722107,66596.24,7376.02
20190512,340722108,40641.61,4194.96
20190512,340722109,51845.92,4019.38
20190512,340722110,44310.42,3503.39
20190512,340722111,39281.16,3126.72
20190512,340722112,92859.3,10336.06
20190512,340722113,40930.95,4797.84
20190512,340722114,51285.38,5378.49
20190512,340722115,22852.4,2531.52
20190512,340722116,15734.54,1036.51
20190512,340722118,15886.52,1895.38
20190512,340722119,52541.6,5121.48
20190512,340722121,19256.65,2592.1
20190512,340722122,36805.15,3431.75
20190512,340722123,26035.36,2560.78
20190512,340722124,33508.56,3355.89
20190512,340722125,31467.88,2662.86
20190512,340722126,30522.81,6899.08
20190512,340801003,29233.51,4167.61
20190512,340801004,27017.86,3803.61
20190512,340801005,19298.16,1665.97
20190512,340801006,35454.3,10717.96
20190512,340801007,13883.36,3400.55
20190512,340801012,24619.04,2094.93
20190512,340801013,17043.26,1990.42
20190512,340801015,21574.03,3012.72
20190512,340801016,12222.42,1785.68
20190512,340801017,24950.17,1898.11
20190512,340801018,34354.54,3823.2
20190512,340801019,30274.76,4508.02
20190512,340801020,35622.89,4148.91
20190512,340801021,21602.51,4288.7
20190512,340801022,32248.96,6692.24
20190512,340801023,30487.1,5362.28
20190512,340801024,20626.67,3725.6
20190512,340801025,23557.41,6759.45
20190512,340801032,40290.09,5925.64
20190512,340801033,59161.5,7793.63
20190512,340801034,31111.12,11036.79
20190512,340822002,20161.34,2951.06
20190512,340822003,31513.68,3329.29
20190512,340822004,49152.65,10757.19
20190512,340822005,21236.27,4658.58
20190512,340822006,82128.21,8736.79
20190512,340822007,26132,4246.92
20190512,340822008,30159.17,6523.83
20190512,340822009,57156.76,8748.86
20190512,340822010,24444.18,4543.29
20190512,340822013,32949.61,4394.72
20190512,340822014,31252.9,4158.76
20190512,340822015,32611.01,4182.94
20190512,340822016,37973.5,6862.16
20190512,340822018,26940.45,3160.28
20190512,340822019,28097.29,4755.27
20190512,340822020,20196.65,1794.15
20190512,340822022,30217.84,3104.9
20190512,340822023,30011.31,4728.37
20190512,340822025,52598.22,8142.04
20190512,340822026,67747.31,8788.33
20190512,340822028,26378.37,3415.36
20190512,340822031,9758.82,1260
20190512,340824002,35818.52,5359.3
20190512,340824003,23920.33,2084.26
20190512,340824004,29749.69,4246.17
20190512,340824005,42376.89,5645.85
20190512,340824006,42333.95,9842.26
20190512,340824007,9185.51,1327.32
20190512,340824008,20187.14,3907.22
20190512,340824010,18745.12,2767.51
20190512,340824011,36125.29,4298.58
20190512,340824013,34347.68,5951.16
20190512,340824014,21446.57,4559.48
20190512,340824015,22958.21,3826.52
20190512,340824016,26486.68,3635
20190512,340824017,18097.2,2834.68
20190512,340824018,20624.2,3387.75
20190512,340824019,29611.13,3818.4
20190512,340824020,21196.3,4105.16
20190512,340824021,20414.03,5002
20190512,340825001,25571.57,4528.8
20190512,340825002,27835.19,5636.19
20190512,340825003,14624.74,2330.17
20190512,340825004,33516.55,11574.28
20190512,340825005,15007.98,4253.71
20190512,340825006,17048.7,4585.67
20190512,340825007,17272.47,3232.63
20190512,340825008,13235.68,4141.03
20190512,340825009,22624.31,5074.35
20190512,340825010,14186.1,3866.45
20190512,340825012,38275.86,7157.01
20190512,340825013,11249.8,3314
20190512,340825014,41109.94,7857.17
20190512,340825016,32483.4,8639.01
20190512,340825017,26127.66,5923.45
20190512,340826002,41399.29,8922.04
20190512,340826003,33486.35,5242
20190512,340826004,35026.49,6130.28
20190512,340826005,18134.24,3251.18
20190512,340826006,45691.06,10256.41
20190512,340826007,45024.85,10866.22
20190512,340826008,36772.78,9928.62
20190512,340826009,19989.3,5662.48
20190512,340826010,35148.99,8736.69
20190512,340826011,28024.88,6057.49
20190512,340826012,24980.04,5813.45
20190512,340826013,28350.46,7058.27
20190512,340826014,33115.34,6599.42
20190512,340826017,46435.84,9286.13
20190512,340826018,26955.75,7159.72
20190512,340826019,47055.3,9641.03
20190512,340826020,39551.98,10110.72
20190512,340826021,24996.88,4405.03
20190512,340826022,24665.98,4802.36
20190512,340827001,14988.68,2944.42
20190512,340827002,24360.14,4714.28
20190512,340827003,78574.91,10861.8
20190512,340827004,80482.73,12041.72
20190512,340827006,22641.48,4940.63
20190512,340827007,39771.61,4859.72
20190512,340827008,40281.92,7448.74
20190512,340827009,35792.61,6479.1
20190512,340827010,11591.97,1595.73
20190512,340827011,23600.15,4512.72
20190512,340827013,28868.87,4386.31
20190512,340827014,19770.99,3912.31
20190512,340827015,25131.27,5517.32
20190512,340827016,17405.14,4773.29
20190512,340827017,15989.67,2642.87
20190512,340827019,45282.18,5397.45
20190512,340827020,31604.66,5149.56
20190512,340827021,31248.93,4107.78
20190512,340827022,28109.42,6027.4
20190512,340827023,27949.26,4318.93
20190512,340828001,14595.86,4002.63
20190512,340828003,29161.97,5994.56
20190512,340828004,25081.4,8923.17
20190512,340828005,17092.25,5545.44
20190512,340828006,18658.09,4954.9
20190512,340828007,11496.91,2740.73
20190512,340828008,28835.91,4922.02
20190512,340828009,29425.44,5733.53
20190512,340828010,8721.81,2291.6
20190512,340828011,13937.42,4077.73
20190512,340881001,33770.05,4995.25
20190512,340881002,23194.5,3593.86
20190512,340881003,36252.9,5358.97
20190512,340881004,23801.33,2222.85
20190512,340881005,23497.47,2964.97
20190512,340881007,29345.96,2886.16
20190512,340881008,26684.82,2547.01
20190512,340881009,23859.46,3515.48
20190512,340881010,40128.4,5200.93
20190512,340881012,47007.95,6033
20190512,340881013,41815.14,4515.95
20190512,340881014,56427.16,7540.25
20190512,340881015,48302.31,6481.55
20190512,340881016,30076.34,4061.21
20190512,340881017,30258.73,3782.02
20190512,340881018,28064.8,4352.74
20190512,340881019,27241.28,2425.43
20190512,340881020,19039.91,2479.53
20190512,340881022,42290.18,4556.79
20190512,341001003,12273.08,3599.38
20190512,341001004,9186.13,2006.46
20190512,341001005,9789.49,2197.33
20190512,341001006,18434.18,2750.77
20190512,341001007,11425.32,2439.04
20190512,341001015,9099.44,1343.69
20190512,341003004,10372.67,1632.5
20190512,341003006,7652.89,1139.78
20190512,341003007,9752.69,1326.46
20190512,341003008,12854.59,2314.49
20190512,341003011,6455.95,854.8
20190512,341003012,6410.19,849.58
20190512,341003013,4238.01,811.77
20190512,341003014,3795.99,671.28
20190512,341003015,12649.71,1520.92
20190512,341003016,8641.83,1164.61
20190512,341003017,12466.85,2202.17
20190512,341003018,16214.67,2328.3
20190512,341003019,9698.72,1518.99
20190512,341003020,4219.08,445.21
20190512,341003022,5512.17,1448.42
20190512,341003023,3325.87,447.95
20190512,341021001,14244.51,1607.28
20190512,341021003,22469.19,3502.81
20190512,341021004,12063.36,1696.56
20190512,341021005,11071.2,1513.65
20190512,341021007,11851.24,1933.44
20190512,341021008,9336.13,1557.89
20190512,341021009,12319.36,1253.89
20190512,341021010,7801.78,824.39
20190512,341021011,21415.92,3437.18
20190512,341021012,22833.41,2862.14
20190512,341021013,6045.5,779.24
20190512,341021014,10224.31,1143.56
20190512,341021015,10443.56,1499.3
20190512,341021016,4926.83,765.67
20190512,341021017,16713.92,2155.84
20190512,341021018,16678.02,2629.95
20190512,341021019,19148.81,1973.69
20190512,341021022,15359.87,1859.62
20190512,341021024,3687.11,615.11
20190512,341021025,18511.95,2747.8
20190512,341021026,7577.56,849.98
20190512,341022003,8103.58,1148.53
20190512,341022004,10195.14,1350.41
20190512,341022005,14718.96,1106.93
20190512,341022006,14743.48,1603.32
20190512,341022008,6608.86,961.01
20190512,341022009,8797.67,941.04
20190512,341022010,11081.47,933.17
20190512,341022011,7340.64,1095.51
20190512,341022012,16888.91,2002.87
20190512,341022013,10504.05,1172.31
20190512,341022014,11504.74,1805.4
20190512,341023001,8301.23,1689.95
20190512,341023003,6179.25,1372.51
20190512,341023004,9950.32,1541.49
20190512,341023005,2742.45,382.71
20190512,341023006,3986.59,551.1
20190512,341023007,5317.44,1141.91
20190512,341024003,11328.31,844.37
20190512,341024004,11784.63,1160.08
20190512,341024005,14223.9,1737.05
20190512,341024006,19501.58,1926.66
20190512,341024007,18279.66,1647.37
20190512,341024008,11192.63,1596.27
20190512,341024009,16408.25,1976.88
20190512,341024010,9151.52,529.12
20190512,341101003,18001.71,3369.82
20190512,341101004,12664.77,2289.09
20190512,341101005,45290.93,8064.67
20190512,341101006,18852.19,2854.7
20190512,341101008,21600.89,3220.27
20190512,341101010,20987.5,4872.15
20190512,341101011,12708.43,2907.2
20190512,341101012,17851.16,3195.63
20190512,341101013,20317.52,3702.42
20190512,341101014,19215.11,4062.18
20190512,341101018,17116.27,2773.31
20190512,341101019,21786.41,4610.4
20190512,341122002,17509.74,3511.55
20190512,341122003,22281.32,4269.85
20190512,341122004,21092.14,4838.21
20190512,341122005,21241.07,8791.32
20190512,341122006,17923.18,2892.75
20190512,341122007,24941.02,3647.2
20190512,341122008,26978.03,6760.96
20190512,341122009,33477.76,4820.94
20190512,341122011,27397.82,2950.39
20190512,341124002,9496.15,2181.8
20190512,341124003,26953.02,6915.68
20190512,341124004,23118.59,3808.53
20190512,341124005,18595.59,3063.71
20190512,341124007,9150.62,2209.77
20190512,341124008,14663.66,3439.15
20190512,341124009,13617.44,3169.65
20190512,341124010,9863.61,2240.11
20190512,341124011,14913.28,2349.99
20190512,341124012,12791.97,4385.14
20190512,341124013,26016.49,4403.7
20190512,341125002,28859.83,11350.46
20190512,341125003,20535.56,6321.85
20190512,341125004,24079.8,5940.24
20190512,341125005,19818.97,5674.55
20190512,341125006,31228.95,6433.54
20190512,341125008,16115.07,4514.28
20190512,341125009,29442.72,7742.64
20190512,341125010,12532.3,3668.76
20190512,341125011,11871.41,3219.21
20190512,341125012,18850.97,7062.41
20190512,341125013,9946.87,3326.48
20190512,341126002,39090.9,15455.8
20190512,341126003,14412.64,11515.19
20190512,341126005,25845.66,7650.12
20190512,341126006,24098.5,12012.98
20190512,341126007,18974.16,5595.52
20190512,341126008,25680.97,9182.21
20190512,341126009,25664.08,10187.55
20190512,341126010,22368.52,7310.4
20190512,341126012,13483.81,3748.84
20190512,341181001,28701.39,4754.03
20190512,341181002,53179.18,10699.72
20190512,341181003,20768.26,5538.64
20190512,341181004,28101.39,6190.82
20190512,341181005,22865.87,4175.4
20190512,341181006,25921.88,5031.78
20190512,341181008,17179.02,3190.87
20190512,341181009,37886.95,12393.91
20190512,341181010,32741.77,4976
20190512,341181012,15331.63,3467.31
20190512,341181013,32875.6,5054.23
20190512,341181014,25453.39,3824.68
20190512,341182002,7767.96,1580.06
20190512,341182003,17434.45,5280.64
20190512,341182004,14746.28,2601.26
20190512,341182005,13365.28,3676.46
20190512,341182006,18612.29,4803.4
20190512,341182007,14523.41,5144.54
20190512,341182008,7731.48,2661.09
20190512,341182009,16876.86,5126.15
20190512,341182010,28445.56,6491.61
20190512,341182011,6133.33,838.75
20190512,341182013,19776.66,5183.03
20190512,341182014,18382.53,5301.19
20190512,341182015,20126.81,6674.69
20190512,341182016,10369.26,3256.43
20190512,341201001,21750.23,6925.95
20190512,341201002,12363.95,3512.92
20190512,341201003,11230.06,4369.01
20190512,341201004,21129.09,5882.73
20190512,341201005,30541.31,5457.83
20190512,341201007,13922.79,3349.92
20190512,341201008,18872.93,4918.75
20190512,341201009,24484.18,6022.23
20190512,341201011,14301.89,4507.76
20190512,341201012,29425.22,9457.68
20190512,341201013,23927.9,5779.02
20190512,341201014,10863.22,3398.7
20190512,341201015,20392.58,5739.09
20190512,341201016,18283.71,4069.63
20190512,341201017,20811.69,5832
20190512,341201018,21063.14,4793.16
20190512,341201019,21103.94,8337.22
20190512,341201020,32638.33,6778.51
20190512,341201021,20874.41,4781.47
20190512,341201023,34394.93,7046.39
20190512,341201025,34440,8708.96
20190512,341201026,25816.12,5237.25
20190512,341201027,31842.92,6162.48
20190512,341201028,34514.73,6677.49
20190512,341201030,43986.44,8540.7
20190512,341201031,20012.62,4125.48
20190512,341201032,18979.96,3950.69
20190512,341201033,31438.62,6203.97
20190512,341201034,28510.44,5810.17
20190512,341201035,13204.31,5685.61
20190512,341201037,17404.48,8083.36
20190512,341201038,21057.37,8467.1
20190512,341201042,34024.69,7742.45
20190512,341221001,48869.7,13589.38
20190512,341221002,38779.17,13110.79
20190512,341221003,38493.48,11392.16
20190512,341221004,45524.04,13183.36
20190512,341221005,39462.29,10757.25
20190512,341221006,40826.01,11648.74
20190512,341221007,46854.73,13051.76
20190512,341221008,38369.32,10655.89
20190512,341221009,34200.6,12250.07
20190512,341221010,52476.27,13027.08
20190512,341221011,34921.77,8845.25
20190512,341221012,71505.89,21689.29
20190512,341221013,49190.55,15079.07
20190512,341221015,30905.11,8170.56
20190512,341221016,34201.41,9097.8
20190512,341221017,36372.12,12593.11
20190512,341221018,37037.02,8910.99
20190512,341221019,54912.74,16108.47
20190512,341221020,34238.41,7627.87
20190512,341221021,40512.74,9926.72
20190512,341221022,31979.91,10761.39
20190512,341221023,37238.79,9838.81
20190512,341221024,22454.32,6300.01
20190512,341221025,20966.28,7009.55
20190512,341221026,39265.43,10462.09
20190512,341221027,41534.76,11555.95
20190512,341221028,30624.72,8916.06
20190512,341222001,25801.06,9850.42
20190512,341222002,18849.13,5904.73
20190512,341222003,36263.79,10387.48
20190512,341222004,10638.24,3955.19
20190512,341222005,24811.96,7655.14
20190512,341222006,15414.06,4894.37
20190512,341222007,36272.52,9110.1
20190512,341222009,31230.87,9839.86
20190512,341222010,58010.83,8051.86
20190512,341222011,68703.94,10429.7
20190512,341222012,47775.26,7869.77
20190512,341222013,51313.29,9780.89
20190512,341222014,74099.12,14503.64
20190512,341222015,47180.6,10535.34
20190512,341222016,53738.26,11395.45
20190512,341222017,41995.61,9608.92
20190512,341222018,48402.77,16634.84
20190512,341222019,72074.21,14327.52
20190512,341222020,34869.55,7632.49
20190512,341222021,44529.6,7744.4
20190512,341222022,43786.64,5818.35
20190512,341222023,32747.96,10084.68
20190512,341222024,48280.86,8696.8
20190512,341222025,51549.98,11091.31
20190512,341222026,43771.64,12078.7
20190512,341222027,38390.2,8402.74
20190512,341222028,28526.09,10162.12
20190512,341222029,34691.15,8087.8
20190512,341222030,38311.09,6507.13
20190512,341222031,32050.99,5702.31
20190512,341222035,26352,7179.24
20190512,341225001,19444.74,5747.17
20190512,341225002,21382.87,6537.02
20190512,341225003,21414.74,5837.72
20190512,341225004,30313.93,8256.72
20190512,341225005,13484.03,4038.57
20190512,341225006,48648.41,14528.07
20190512,341225008,29992.35,8409.65
20190512,341225009,33029.09,8896.21
20190512,341225011,30237.27,7233.67
20190512,341225012,26450.87,9195.75
20190512,341225013,50105.32,15029.06
20190512,341225014,34034.04,10921.58
20190512,341225015,48998.23,13703.15
20190512,341225016,32042.7,8083.3
20190512,341225017,33808.29,10198.9
20190512,341225018,58953.47,12562.99
20190512,341225019,27458.25,5671.5
20190512,341225020,29064.8,6294.04
20190512,341225021,36527.6,9312.76
20190512,341225023,19806.49,6953.3
20190512,341225027,20149.55,5261.57
20190512,341226001,26291.16,9382.53
20190512,341226002,41852.35,12817.4
20190512,341226004,27776.47,10552.46
20190512,341226005,36859.66,8883.46
20190512,341226006,26320.03,6857.88
20190512,341226007,22855.73,4788.56
20190512,341226008,23858.73,5774.77
20190512,341226009,31089.01,9311.45
20190512,341226011,23180.58,5864.75
20190512,341226012,26118.49,4707.57
20190512,341226013,18789.94,6265.51
20190512,341226014,26094.61,6608.44
20190512,341226015,27658.03,6746.72
20190512,341226016,24459.31,8736.15
20190512,341226017,18727.64,4153.89
20190512,341226018,28930.1,7198.68
20190512,341226019,30661.48,8021.27
20190512,341226020,21764.79,4374.63
20190512,341226021,30835.8,9179.82
20190512,341226022,25732.36,9252.49
20190512,341226023,11939.33,4840.28
20190512,341226026,16042.52,5793.02
20190512,341282001,21707.93,4854.83
20190512,341282002,21120.47,5073.54
20190512,341282003,34081.67,9923.74
20190512,341282004,25863.76,7020.72
20190512,341282005,34056.64,9604.85
20190512,341282006,45979.77,12247.1
20190512,341282007,34717.4,9618.34
20190512,341282008,31316.59,6889.46
20190512,341282009,26345.73,5557.33
20190512,341282010,20890.8,6283.99
20190512,341282011,32324.47,7510.98
20190512,341282013,36984.57,9900.32
20190512,341282014,25039.28,6409.81
20190512,341282015,25978.85,4873.51
20190512,341282016,37625.13,5995.5
20190512,341282019,24772.93,5924.23
20190512,341301001,28122.37,7000
20190512,341301002,12887.33,3656.16
20190512,341301003,10106.92,4922.49
20190512,341301004,30406.15,9773.97
20190512,341301005,25817.63,8084.92
20190512,341301006,19279.59,5416.27
20190512,341301007,19351.25,5136.13
20190512,341301009,24512.64,8358.04
20190512,341301010,27777.96,8751.22
20190512,341301011,14936.1,5207.27
20190512,341301012,12600.08,4780.81
20190512,341301013,32233.53,8912.12
20190512,341301014,33634.28,12622.39
20190512,341301015,45695.97,17776.03
20190512,341301017,22386.93,7047.92
20190512,341301020,30591.21,9054.84
20190512,341301021,23313.63,6844.64
20190512,341301023,42698.16,15747.41
20190512,341301025,43485.89,18258.72
20190512,341301026,43921.59,17029.51
20190512,341301027,52184.37,24233.74
20190512,341301028,42669.61,16172.61
20190512,341301029,32865.78,9313.65
20190512,341301030,30233.14,10151.33
20190512,341301032,40340.97,17557.73
20190512,341301034,32123.68,9156.92
20190512,341301036,19542.86,5405.42
20190512,341301038,26360.29,9354.55
20190512,341301039,21013.2,4541.25
20190512,341301040,49609.38,18437.88
20190512,341301041,26612.35,9812.86
20190512,341321001,21740.94,8753.86
20190512,341321002,17067.46,7521.79
20190512,341321003,20036.35,8645.15
20190512,341321004,43623.86,18546.57
20190512,341321005,32720,9369.79
20190512,341321006,31944.53,14812.18
20190512,341321007,52412.67,21580.18
20190512,341321008,20929.94,8028.94
20190512,341321009,27933.89,8328.68
20190512,341321010,15916.9,5170.81
20190512,341321011,24115.72,8223.62
20190512,341321012,29272.87,12129.36
20190512,341321013,34584.23,13249.1
20190512,341321014,41560.45,14751.81
20190512,341321016,17261.86,5821.52
20190512,341321017,28248.17,10165.08
20190512,341321018,32457.63,14244.51
20190512,341321019,34226.99,12584.63
20190512,341321020,19525.99,8440.71
20190512,341321021,34382.49,12969.85
20190512,341321022,27402.04,9700.53
20190512,341321023,15477.6,5163.89
20190512,341322002,60142.37,19054.04
20190512,341322004,26113.58,8983.9
20190512,341322005,34477.09,11940.63
20190512,341322006,44652.53,12857.74
20190512,341322007,28410.24,8166.2
20190512,341322008,20558.34,5834.12
20190512,341322012,18027.26,4651.01
20190512,341322013,27342.53,7046.07
20190512,341322014,32325.46,13039.24
20190512,341322015,40512.14,12045.65
20190512,341322016,19448.52,6249.61
20190512,341322017,31536.53,8723.99
20190512,341322018,19885.03,8546.61
20190512,341322019,18491.84,6496.89
20190512,341322020,18604.31,6736.03
20190512,341322021,18904.47,7376.32
20190512,341322022,24952.12,6866.22
20190512,341322023,37951.54,13882.97
20190512,341322024,18773,7590.6
20190512,341322025,19674.63,7388.18
20190512,341322026,32923.85,12665.75
20190512,341323002,26255.19,11672.16
20190512,341323003,28919.22,14936.85
20190512,341323004,32120.04,16646.58
20190512,341323005,37243.24,20113.34
20190512,341323006,39266.83,20571.45
20190512,341323008,29375.03,12192.06
20190512,341323009,31676.64,11646.5
20190512,341323010,42628.22,20731.33
20190512,341323011,32742.24,11439.08
20190512,341323012,34080.35,14170.32
20190512,341323013,39255.5,13595.04
20190512,341323014,29640.66,12576.09
20190512,341323016,22978.41,11539.93
20190512,341323017,25082.89,9596.27
20190512,341323018,37566.67,13111.17
20190512,341323019,34993.97,14839.54
20190512,341323020,25997.14,12713.2
20190512,341324001,31698.43,11482.38
20190512,341324003,35806.25,11531.06
20190512,341324004,33246.59,13378.23
20190512,341324005,58206.72,19592.53
20190512,341324006,38267.32,14615.74
20190512,341324007,44891.51,14810.65
20190512,341324008,27251.62,9179.38
20190512,341324009,38378.93,16317.86
20190512,341324010,39293.03,19125.89
20190512,341324011,37564.56,18075.59
20190512,341324012,41221.51,13505.4
20190512,341324015,14025.94,5170.89
20190512,341501001,20232.24,5076.91
20190512,341501002,21748.19,4091.27
20190512,341501003,26496.13,5147.61
20190512,341501005,21246.86,5786.97
20190512,341501007,26113.62,4438.64
20190512,341501008,22464.95,5795.5
20190512,341501011,27688.89,6180.97
20190512,341501012,37630.96,7267.01
20190512,341501013,42085.04,3245.45
20190512,341501014,28470.57,5289.09
20190512,341501015,56865.38,10788.98
20190512,341501017,27964.67,5378.58
20190512,341501018,41395.13,4352.44
20190512,341501019,22374.69,2922.84
20190512,341501020,44129.73,7491.16
20190512,341501021,44426.69,5666.05
20190512,341501022,25865.63,4523.14
20190512,341501023,50492.43,13082.13
20190512,341501024,31907.96,10766.55
20190512,341501025,25036.71,4346.8
20190512,341501026,18942.77,4570.33
20190512,341501027,23299.2,6040.36
20190512,341501028,26987.41,9875.97
20190512,341501029,19816.49,5128.03
20190512,341522001,26679.22,5702.69
20190512,341522002,25254.01,8975.8
20190512,341522004,41372.99,13711.09
20190512,341522005,53455.72,14330.62
20190512,341522006,37100.06,6642.42
20190512,341522007,40644.55,9829.7
20190512,341522008,30107.55,8806.27
20190512,341522009,29987.46,9817.15
20190512,341522010,28642.16,7603.82
20190512,341522011,31618.76,7220.19
20190512,341522012,44176.41,6115.82
20190512,341522013,37317.85,6697.4
20190512,341522014,25302.58,5226.94
20190512,341522015,44269.62,9321.8
20190512,341522016,25619.02,5430.02
20190512,341522018,23072.65,5538.99
20190512,341523001,57464.59,9903.4
20190512,341523003,27718.73,4537.86
20190512,341523004,22661.47,3367.79
20190512,341523005,42211.42,6158.79
20190512,341523006,23104.71,4272.27
20190512,341523007,17666.1,2556.95
20190512,341523008,20980.91,3366.78
20190512,341523009,30702.9,4865.69
20190512,341523010,34624.67,7865.57
20190512,341523011,25783.57,3486.74
20190512,341523012,33088.07,5522.68
20190512,341523013,45463.71,6944.55
20190512,341523014,12521.9,1822.93
20190512,341523015,27375.93,3942.48
20190512,341523016,22805.9,3956.02
20190512,341523017,36580.91,5849.4
20190512,341523018,37929.79,4271.22
20190512,341523019,31351.59,4470.18
20190512,341523020,32945.34,2669.66
20190512,341523021,22435.7,2797.54
20190512,341523022,34296.72,4497.9
20190512,341523023,27263.96,4179.7
20190512,341523025,32267.26,4193.36
20190512,341523026,25316.76,5732
20190512,341523028,5560.35,1176.22
20190512,341524001,19938.04,6406.31
20190512,341524003,11033.46,4266.84
20190512,341524004,31476.46,10208.34
20190512,341524006,25041.24,5239.51
20190512,341524007,22831.22,7493.5
20190512,341524008,28757.46,5509.4
20190512,341524009,21724.63,3622.87
20190512,341524011,48677.01,12206.65
20190512,341524012,23146.92,7311.47
20190512,341524014,25318.45,8139.07
20190512,341524017,17554.8,3863.3
20190512,341524018,7427.77,2240.25
20190512,341524019,12517.94,5568.67
20190512,341525002,37286.23,4933
20190512,341525003,32090.73,6535.44
20190512,341525004,12545.9,1795.58
20190512,341525005,17782.69,2439.58
20190512,341525006,21945.42,3894.29
20190512,341525007,11644.22,1898.3
20190512,341525008,24659.88,5665.66
20190512,341525009,15396.61,2296.34
20190512,341525010,16226.25,3153.33
20190512,341525011,25360.65,2462.56
20190512,341525013,17961.95,3206.19
20190512,341525014,30261.95,5786.39
20190512,341525015,17292.73,2016.96
20190512,341525016,18255.78,2847.16
20190512,341601001,9197.98,2676.86
20190512,341601002,6803.55,3160.49
20190512,341601003,14276.26,5573.6
20190512,341601004,8030.29,2646.86
20190512,341601005,11006.9,4061.7
20190512,341601006,15365.67,7933.17
20190512,341601007,13174.33,4295.87
20190512,341601008,9315.26,3706.84
20190512,341601009,6808.64,2813.44
20190512,341601010,6489.69,4749.48
20190512,341601011,4895.71,2558.42
20190512,341601012,8611.17,4030.79
20190512,341601013,8606.44,3040.44
20190512,341601014,13096.98,7485.28
20190512,341601015,8946.32,3307.67
20190512,341601016,5674.07,2248.93
20190512,341601018,25216.14,6788.19
20190512,341601019,39836.31,12189.45
20190512,341601020,30574.15,6878.69
20190512,341601022,22134.89,7589.58
20190512,341601023,28863.61,7498.37
20190512,341601024,21994.61,8015.57
20190512,341601025,24379.68,6790.36
20190512,341601027,49489.64,11998.64
20190512,341601028,30064.08,8184.19
20190512,341601029,29608,9129.54
20190512,341601030,14347.7,5451.25
20190512,341601031,23154.02,7290.3
20190512,341601037,12638.57,7473.01
20190512,341621002,17630.08,6252.89
20190512,341621003,17079.5,6602.17
20190512,341621004,19289.81,7214.62
20190512,341621005,19924.63,7482.94
20190512,341621007,43984.87,14186.87
20190512,341621008,29802.73,7465.06
20190512,341621009,15780.01,6415.02
20190512,341621010,10616.35,4076.01
20190512,341621011,36407.43,6880.65
20190512,341621012,32056.26,9096.42
20190512,341621013,37237.65,7882.55
20190512,341621014,29292.77,6673.24
20190512,341621015,39858.72,8705.55
20190512,341621016,40399.27,12307.6
20190512,341621017,31689.62,7777.09
20190512,341621018,19253.1,8785.73
20190512,341621019,24518.55,9241.03
20190512,341621020,20590.96,4101.44
20190512,341621021,33582.09,11904.77
20190512,341621022,39981.72,10435.36
20190512,341621023,31008.11,9098.16
20190512,341621024,15859.76,5326.69
20190512,341621025,22401.8,5760.11
20190512,341621026,34167.23,10120.61
20190512,341621027,22847.61,5214.19
20190512,341621028,30731.04,10386.98
20190512,341621029,37215.36,8708.04
20190512,341622001,24057.29,5288.36
20190512,341622002,30568.79,7000.93
20190512,341622003,20082.03,6171.72
20190512,341622004,15740.84,3781.16
20190512,341622005,36173.01,6980.88
20190512,341622006,21065.46,6070.67
20190512,341622007,22610.54,5634.92
20190512,341622008,28945.64,9660.2
20190512,341622009,22415.22,4808.62
20190512,341622010,32579.6,13328.15
20190512,341622012,22479.22,4841.94
20190512,341622013,37667.37,14783.06
20190512,341622014,23625.36,6781.8
20190512,341622015,42106.45,11315.02
20190512,341622016,37232.85,10715.56
20190512,341622017,24192.5,6129.15
20190512,341622018,24009.13,6778.52
20190512,341622019,21859.16,4261.79
20190512,341622020,23189.68,7041.25
20190512,341622021,23453.36,5286.71
20190512,341623001,20479.98,5264.23
20190512,341623002,18187.16,5557.47
20190512,341623003,43159.2,12980.91
20190512,341623005,18721.84,5016.38
20190512,341623006,33084.67,6632.54
20190512,341623008,17356.98,6438.74
20190512,341623009,14341.59,3140.89
20190512,341623010,21399.74,5664.3
20190512,341623011,32268.67,7462.19
20190512,341623012,35441.23,5963.69
20190512,341623013,47832.8,13195.91
20190512,341623014,41783.96,10504.54
20190512,341623015,16770.51,3139.3
20190512,341623016,43009.92,7089.36
20190512,341623017,21076.23,6270.67
20190512,341623018,29373.85,5718.77
20190512,341623019,24531.49,4603.63
20190512,341623020,33789.38,6716.54
20190512,341623021,29190,6375.46
20190512,341623022,23288.44,7014.42
20190512,341623023,15377.21,4176.28
20190512,341623024,26103.9,8654.43
20190512,341701002,14875.26,1781.25
20190512,341701005,9156.74,2407.59
20190512,341701007,22246.85,3704.81
20190512,341701008,14980.24,2632.39
20190512,341701009,18614.14,1936.91
20190512,341701011,20957.17,2374.97
20190512,341701012,26375.5,5035.68
20190512,341701013,12668.06,2150.97
20190512,341701014,14030.4,3037.49
20190512,341701015,12907.88,3205.96
20190512,341701016,20007.38,4440.91
20190512,341701017,30009.54,5876.31
20190512,341701018,17389.82,2712.33
20190512,341701019,15421.84,3041.25
20190512,341701020,9462.09,2499.58
20190512,341701021,10990.19,2246.63
20190512,341701022,31057.25,7806.7
20190512,341701023,25061.42,4275.88
20190512,341701024,12456.81,2987.39
20190512,341701025,27517.69,4217.22
20190512,341701026,28956.39,5961.92
20190512,341701027,6175.93,2637.51
20190512,341701028,16130.22,3135.62
20190512,341721002,47878.35,4585.3
20190512,341721004,35938.21,4691.33
20190512,341721005,30362.54,5202.88
20190512,341721006,31263.04,3415.43
20190512,341721007,27558.25,4813.72
20190512,341721008,17403.07,2825.09
20190512,341721009,23826.87,3127.25
20190512,341721010,35205.66,6264.43
20190512,341721011,40567.31,6682.89
20190512,341721012,22254.44,4142.61
20190512,341721013,9394.65,1416.63
20190512,341721014,12536.24,1933.78
20190512,341721015,7329.05,1076.25
20190512,341721016,31054.69,7134.61
20190512,341721017,9126.38,1913.97
20190512,341721018,19948.69,5008.18
20190512,341721019,45593.27,8596.84
20190512,341721020,26319.38,4136.56
20190512,341721021,14017.18,2367.31
20190512,341722002,12061.24,2787.67
20190512,341722003,5708.65,1271.7
20190512,341722004,12183.1,2628.23
20190512,341722005,8113.48,1399.4
20190512,341722006,10794.43,2560.87
20190512,341722007,20989.19,4088.95
20190512,341722008,9888.93,1955.65
20190512,341723001,17747.98,3723.5
20190512,341723003,13031.16,1741.64
20190512,341723004,21663.11,3488.57
20190512,341723005,13954.95,1720.17
20190512,341723006,15731.78,1849.77
20190512,341723007,13093.22,1847.76
20190512,341723008,23687.99,3906.9
20190512,341723009,8213.6,934.69
20190512,341723010,22867.07,3588.66
20190512,341723011,12718.43,2199.72
20190512,341723013,9238.24,1427.75
20190512,341801001,27582.25,5883.09
20190512,341801004,20709.22,3814.82
20190512,341801005,38337.3,11848.13
20190512,341801007,23125.77,5987.86
20190512,341801008,25140.68,4166.81
20190512,341801009,11237.13,2784.35
20190512,341801010,23679.97,5534.05
20190512,341801011,29950.03,6639.34
20190512,341801013,15530.42,2517.63
20190512,341801015,23894.07,6143.36
20190512,341801016,38242.74,6685.45
20190512,341801017,27939.71,5890.85
20190512,341801018,34342.73,7527.16
20190512,341821002,13572.57,3950.62
20190512,341821004,14009.66,2326.12
20190512,341821005,12833.75,2345.52
20190512,341821006,10637.65,1366.7
20190512,341821007,42224.79,7731.84
20190512,341821008,20681.85,5747.08
20190512,341821009,18442.62,3432.33
20190512,341821010,19421.7,5149.49
20190512,341822002,18878.17,5388.94
20190512,341822003,15007.25,3840.83
20190512,341822004,12997.89,4001.01
20190512,341822006,21986.6,6009.68
20190512,341822007,20051.41,5446.97
20190512,341822008,14945.58,4914.28
20190512,341822009,21730.61,5934.13
20190512,341822010,22829.2,6747.02
20190512,341822011,14675.48,5019.84
20190512,341822012,11802.8,3456.11
20190512,341823001,10465.55,1232.65
20190512,341823002,13517.72,2079.57
20190512,341823003,16630.8,2861.7
20190512,341823005,16328.43,2965.51
20190512,341823006,11137.37,1973.76
20190512,341823007,19637.24,2898.83
20190512,341823008,26377.65,3259.75
20190512,341823009,13448.36,1984.85
20190512,341823010,17327.23,3365.53
20190512,341823011,13135.3,2004.02
20190512,341823012,10341.2,1530.49
20190512,341823013,10876.74,2828.47
20190512,341823014,29227.77,6808.29
20190512,341823016,10986.26,3828.85
20190512,341824002,40309.59,12182.21
20190512,341824004,12955.87,2408.68
20190512,341824005,8942.35,1599.12
20190512,341824006,8620.9,1741.6
20190512,341824007,8964.92,1347.79
20190512,341824008,9945.51,1350.73
20190512,341824009,9130.07,1224.01
20190512,341825002,9006.72,1602.66
20190512,341825003,20335.62,3106.04
20190512,341825004,10009.2,2007.06
20190512,341825005,12566.31,3027.13
20190512,341825006,15982.68,2992.28
20190512,341825007,17785.64,3395.48
20190512,341825008,8361.23,2319.5
20190512,341825012,5247.65,1324.6
20190512,341881002,23783.1,4435.07
20190512,341881003,10427.24,2073.48
20190512,341881004,9431.68,2533.03
20190512,341881005,4980.03,1094.7
20190512,341881006,16175.45,5079.77
20190512,341881007,4799.14,1219.2
20190512,341881008,8140.33,2040.84
20190512,341881009,8546.07,1784.39
20190512,341881010,8732.36,2110.51
20190512,341881011,21935.8,6600.48
20190512,341881013,27084.8,5901.76
20190512,341881014,10789.86,2600.59
20190512,341881015,18426.02,7295.82
20190512,341881016,19752.64,5525.34
