#日期,机构,余额,活期余额
20190510,340101011,30730.94,8111.84
20190510,340101012,37553.2,17032.47
20190510,340101015,23005.82,6031.56
20190510,340101016,38199.51,9482.17
20190510,340101017,18290.99,5354.55
20190510,340101018,20587.16,5626.45
20190510,340101021,12590.26,4728.59
20190510,340101023,9673.83,3907.82
20190510,340101024,14854.92,2891.87
20190510,340101025,27768.69,6363.79
20190510,340101028,41977.3,11040.12
20190510,340101029,10324.82,2805.01
20190510,340101031,29433.3,7410.86
20190510,340101032,23615.01,6672.35
20190510,340101034,22481.09,6898.8
20190510,340101036,22112.06,5145.53
20190510,340101037,20411.26,7607.28
20190510,340101038,18551.33,4334.66
20190510,340101039,13999.56,2645.51
20190510,340101040,19234.34,4556.73
20190510,340101042,12507.61,3360.3
20190510,340101043,29721.27,5796.05
20190510,340101044,10482.45,3280.48
20190510,340101045,47020.05,7198.5
20190510,340101047,13441.47,3110.16
20190510,340101049,10446.44,3497.88
20190510,340101050,29491.9,6901.19
20190510,340101051,23518.13,11932.8
20190510,340101052,15314.76,2897.75
20190510,340101053,12611.11,3494.63
20190510,340101054,13820.79,5183.96
20190510,340101057,13899.54,4409.07
20190510,340101059,10825.26,2398.38
20190510,340101061,13726.41,4456.39
20190510,340101062,14612.46,4745.03
20190510,340101064,36129.34,10635.28
20190510,340101065,22185.32,4037.91
20190510,340101066,6399.59,1476.14
20190510,340101067,13776.58,5533.04
20190510,340121001,21034.36,6898.4
20190510,340121003,7242.99,3100.52
20190510,340121004,18092.97,6449.77
20190510,340121005,36734.61,9849.16
20190510,340121007,31714.28,8693.59
20190510,340121008,23239.9,6928.72
20190510,340121009,25151.32,12399.91
20190510,340121010,16970.11,6845.18
20190510,340121011,29152.57,13339.91
20190510,340121017,17414.65,5735.68
20190510,340121018,22833.05,8089.82
20190510,340121020,5929.89,1994.57
20190510,340122001,38774.25,13063.58
20190510,340122002,34179.06,9201.53
20190510,340122003,14504.65,2866.09
20190510,340122004,8297.17,3326.49
20190510,340122005,3456.24,1176.82
20190510,340122006,33235.6,9013.13
20190510,340122007,21283.86,3685.12
20190510,340122008,24918.75,7501.99
20190510,340122009,24136.38,9474.52
20190510,340122011,32190.76,4680.96
20190510,340122012,15796.47,3246.81
20190510,340122013,20134.01,6085.07
20190510,340122014,19621.49,5119.39
20190510,340122015,14438.17,4183.41
20190510,340122016,23454.93,4392.3
20190510,340122017,16020.1,5867.33
20190510,340122018,12772.39,5313.84
20190510,340122019,22716.87,3221.72
20190510,340122020,26957.35,8580.06
20190510,340122021,25231.28,7166.06
20190510,340123001,32964.69,8432.97
20190510,340123005,48758.39,9672.92
20190510,340123006,34909.65,8022.7
20190510,340123007,52176.6,9431.58
20190510,340123008,43064.64,9688.3
20190510,340123010,25748.36,6115.6
20190510,340123011,54928.24,14759.7
20190510,340123013,43349.83,9617.36
20190510,340123014,24169.13,4803.82
20190510,340123015,34257.08,7513.18
20190510,340123016,36689.1,7089.21
20190510,340123018,34955.83,9811.61
20190510,340123019,33380.08,7111.58
20190510,340124001,19908.28,5172.21
20190510,340124002,44233.94,12008.5
20190510,340124003,24044.25,4487.88
20190510,340124004,35766.14,4483.75
20190510,340124005,32751.06,5390.03
20190510,340124006,23720.39,4955.23
20190510,340124008,32190.93,3221.93
20190510,340124009,43066.09,5692.64
20190510,340124010,11603.2,2325.93
20190510,340124011,31123.09,5867.23
20190510,340124012,24092.09,3317.53
20190510,340124013,18905.44,3237.92
20190510,340124014,33105.37,7886.46
20190510,340124015,28008.24,5183.73
20190510,340124016,27602.02,5169.33
20190510,340124017,19051.76,3737.04
20190510,340124018,29824.94,6233.47
20190510,340124019,17850.96,2166
20190510,340124020,5525.22,889.9
20190510,340124021,16719.3,3268.05
20190510,340124022,26665.83,3603.75
20190510,340124023,8863.32,1752.84
20190510,340124024,24866.77,2128.45
20190510,340124025,16474.9,5159.72
20190510,340181003,13190.39,2303.9
20190510,340181004,23888.04,6980.75
20190510,340181005,17386.05,2830.06
20190510,340181006,22202.37,3611.49
20190510,340181007,21938.98,3545.08
20190510,340181008,8442.66,1760.12
20190510,340181009,12509,2214.73
20190510,340181010,39131.62,8604.3
20190510,340181011,23893.2,6873.97
20190510,340181012,17342.32,5152.01
20190510,340181013,12748.26,2762.69
20190510,340181016,21006.84,2212.98
20190510,340181017,24451.75,3895.93
20190510,340181018,28806.26,4162.69
20190510,340181020,36504.87,6078.6
20190510,340181021,25703.51,3540.84
20190510,340181022,21822.28,3788.29
20190510,340181023,21564.01,5228.04
20190510,340181024,13605.05,2693.77
20190510,340181025,17708.78,2093.17
20190510,340181026,15635.51,4278.43
20190510,340201002,8521.99,2034.69
20190510,340201005,12038.03,2435.85
20190510,340201006,11966.86,2447.52
20190510,340201010,9767.9,2031.76
20190510,340201011,9265.11,1943.63
20190510,340201013,11724.59,2167.22
20190510,340201015,11496.1,2883.53
20190510,340201016,18310,3850.47
20190510,340201017,15013.52,4102.78
20190510,340201018,15001.58,2625.84
20190510,340201019,11052.01,1903.02
20190510,340201020,17654.58,4257.68
20190510,340201021,19757.59,5010.46
20190510,340201022,9540.96,1797.05
20190510,340201023,12464.6,2408.45
20190510,340201024,10918.2,2514.66
20190510,340201026,17687.78,4960.81
20190510,340201027,11705.13,2894.55
20190510,340201028,16350.49,3234.24
20190510,340201032,10711.32,3416.77
20190510,340201034,9722.05,2443.28
20190510,340201037,31629,4731.41
20190510,340201038,10956.38,2336.64
20190510,340201039,31007.25,9688.52
20190510,340201040,34169.63,6111.81
20190510,340201041,23002.79,4700.69
20190510,340201042,28626.63,6745.67
20190510,340201043,36888.27,7054.56
20190510,340201044,18596.19,3970.01
20190510,340201045,38602.89,8145.04
20190510,340201047,21045.43,6433.84
20190510,340201049,13392.2,3858.61
20190510,340201052,28846.58,6016.41
20190510,340201053,17991.52,3974.49
20190510,340201054,49341.28,10276.8
20190510,340201055,22977.46,4189.13
20190510,340221002,18208.95,5268.6
20190510,340221003,18394.78,4559.03
20190510,340221004,18947.21,5038.97
20190510,340221007,17987.73,4226.65
20190510,340221010,27418.62,8774.87
20190510,340221012,29737.64,4734.7
20190510,340221013,31617.85,8013.43
20190510,340222002,14922.15,3484.64
20190510,340222003,37268.34,7453.61
20190510,340222005,13114.95,2357.4
20190510,340222007,21609.36,4879.45
20190510,340222009,10026.56,1763.26
20190510,340222010,25771.96,4766.09
20190510,340222011,32328.18,5554.14
20190510,340222012,14586.52,2262.06
20190510,340222016,10769.51,2516.19
20190510,340222017,15382.45,3075.05
20190510,340222022,18191.63,3910.8
20190510,340223002,42833.24,8143.66
20190510,340223003,34088.32,6143.08
20190510,340223004,29576.48,6507.17
20190510,340223005,40439.67,9584.94
20190510,340223006,47703.9,8205.93
20190510,340223008,28262.6,4801.74
20190510,340223009,29174.06,5251.18
20190510,340223010,18053.51,3443.2
20190510,340223011,17217.06,3980.5
20190510,340223012,23493.23,4694.98
20190510,340223013,16697.87,3250.98
20190510,340223014,19555.89,3568.89
20190510,340223017,11049.6,1702.49
20190510,340223018,11764.38,1574.21
20190510,340225001,28143.29,9938.12
20190510,340225002,29774.62,5872.83
20190510,340225004,48154.78,5743.67
20190510,340225006,22946.71,3398.48
20190510,340225007,67228.37,15105.3
20190510,340225008,37728.35,4471.19
20190510,340225009,29725.06,5844.29
20190510,340225010,21275.32,4047.79
20190510,340225011,21884.36,3523.83
20190510,340225012,29554.06,6497.26
20190510,340225013,24317.62,4992
20190510,340225014,38413.29,8942.75
20190510,340225015,41390.66,6945.7
20190510,340225016,27487.78,4305.76
20190510,340225017,44750.91,12599.65
20190510,340225018,24649.18,6444.35
20190510,340225019,18939.37,3992.37
20190510,340225020,10726.42,1548.28
20190510,340225021,16223.98,2241.37
20190510,340225022,9704.05,2010.63
20190510,340301002,6905.44,2347.37
20190510,340301003,5810.11,1595.12
20190510,340301004,12292.9,3994.54
20190510,340301007,7776.15,2549.76
20190510,340301008,7450.58,1721.48
20190510,340301009,7177.36,1776.71
20190510,340301010,12741.03,4168.01
20190510,340301011,11511.38,2747.81
20190510,340301013,10013.92,2603.06
20190510,340301014,9330.02,2059
20190510,340301015,4083.67,1145.15
20190510,340301016,15365.08,2420.96
20190510,340301017,9529.99,2646.56
20190510,340301018,6417.82,2008.6
20190510,340301019,2322.2,808.99
20190510,340301020,9767.4,2395.19
20190510,340301021,7542.32,1891.51
20190510,340301022,12484.77,4228.33
20190510,340301024,9207.2,3189.28
20190510,340301025,24589.5,8649.75
20190510,340301026,20938.49,4816.18
20190510,340321002,8871.21,3822.93
20190510,340321003,15251.33,9708.72
20190510,340321004,11799.51,6852.74
20190510,340321005,12385.46,5573.45
20190510,340321006,11747.48,5625.19
20190510,340321007,14286.48,6347.54
20190510,340321008,8949.72,4470.5
20190510,340321009,13107,6953.63
20190510,340321010,17647.89,9679.46
20190510,340321011,24664.85,13653.87
20190510,340321012,12811.04,6368.53
20190510,340321013,9550.72,3140.8
20190510,340321014,10264.79,6518.13
20190510,340321015,12262.49,6753.78
20190510,340321016,10012.47,5392.99
20190510,340321018,12751.02,10030.7
20190510,340321019,14801.17,9154.11
20190510,340321020,10668.58,5546.85
20190510,340321021,13008.13,6005.37
20190510,340321023,10532.19,5320.61
20190510,340321024,10091.05,5361.72
20190510,340321025,18632.87,9660.31
20190510,340322001,16409.61,5898.45
20190510,340322002,33067.42,11996.33
20190510,340322003,12091.93,4689.8
20190510,340322004,24150.07,10353
20190510,340322005,20397.38,6944.27
20190510,340322006,26596.87,8637.45
20190510,340322007,19189.25,6564.26
20190510,340322008,29741.17,11967.97
20190510,340322010,29144.36,10018.69
20190510,340322011,26926.47,10612.84
20190510,340322012,19533.02,7281.78
20190510,340322013,18766.95,6682.03
20190510,340322015,13097.54,4252.3
20190510,340322016,20574.67,6938.09
20190510,340322017,15789.5,6735.28
20190510,340322021,11006.34,3519.59
20190510,340323001,11253.23,4391.43
20190510,340323002,10575.76,3995.69
20190510,340323003,19197.81,6512.11
20190510,340323006,19490.28,7103.1
20190510,340323007,23211.1,6361.23
20190510,340323008,18250.08,7135.88
20190510,340323009,16439.61,5683.96
20190510,340323010,16325.01,6920.5
20190510,340323011,13673.58,6249.37
20190510,340323012,14967.37,5707.91
20190510,340323013,5955.74,1696.45
20190510,340323014,7407.57,2880.12
20190510,340323015,5196.7,2362.3
20190510,340323016,14545.94,5223.99
20190510,340323017,19286.3,7460.73
20190510,340323018,12681.97,3996.31
20190510,340323019,14074.61,6494.73
20190510,340323020,10809.7,4230.86
20190510,340323021,9162.41,3624.02
20190510,340323022,11597.28,4840.44
20190510,340323023,10638.57,3617.84
20190510,340323024,12910.7,4673.34
20190510,340401002,10010.4,2570.41
20190510,340401004,12893.67,2572.49
20190510,340401005,11990.15,2084.96
20190510,340401006,11564.79,2344.94
20190510,340401007,8484.32,1873.12
20190510,340401009,22424.84,3168.97
20190510,340401010,10539.51,2316.78
20190510,340401011,16882.03,3777
20190510,340401012,12504.93,2103.59
20190510,340401013,13197.95,3578.75
20190510,340401014,24233.42,3746.82
20190510,340401015,13785.19,2449.8
20190510,340401016,14636.59,3680.3
20190510,340401017,14916.25,3252.26
20190510,340401018,14610.75,2693.99
20190510,340401019,15701.38,1622.66
20190510,340401020,23425.23,3999.13
20190510,340401021,16662.92,3485.07
20190510,340401022,19948.22,3678.04
20190510,340401026,24830.73,4588.48
20190510,340401028,15370.46,1842.64
20190510,340401029,20021.46,4089.97
20190510,340401031,16548.29,3154.3
20190510,340401032,20321.47,2762.72
20190510,340401033,20066.36,3948.16
20190510,340401035,13664.35,1633.79
20190510,340401036,16262.78,3190.29
20190510,340401038,11971.41,1200.3
20190510,340401040,25722.73,5270.86
20190510,340401041,14137.18,6822.67
20190510,340401042,33091.39,8853.81
20190510,340401043,26226.72,4327.15
20190510,340401047,36151.62,10872.89
20190510,340401048,19022.13,4098.27
20190510,340401049,17887.33,4484.79
20190510,340401051,21112.56,6581.72
20190510,340401052,15222.43,2231.45
20190510,340401053,13849.35,2346.41
20190510,340421002,20393.85,5882.7
20190510,340421003,30175.88,7914.26
20190510,340421004,51656.56,13814.4
20190510,340421005,31942.86,9639.04
20190510,340421006,26756.78,7622.17
20190510,340421007,24829.89,8957.9
20190510,340421008,43132.38,11379.14
20190510,340421009,27364.78,8229.1
20190510,340421010,34574.35,8817.81
20190510,340421012,25349.92,6347.42
20190510,340421013,29926.55,8366.2
20190510,340421014,24610.73,8473.4
20190510,340421015,31798.25,8730.97
20190510,340421016,26794.86,6226.67
20190510,340421017,34571.13,7920.08
20190510,340421019,23868.24,6033.06
20190510,340422101,32855.94,9151.49
20190510,340422102,17779.11,5958.99
20190510,340422103,19146.88,4208.03
20190510,340422105,19998.21,4372.19
20190510,340422106,31954.91,5707.93
20190510,340422107,14235.28,4542.68
20190510,340422108,20634.22,6753.99
20190510,340422109,18060.79,2595.11
20190510,340422110,17759.32,4499.62
20190510,340422111,22094.41,6798
20190510,340422112,25393.5,6136.11
20190510,340422113,7773.07,2380.77
20190510,340422114,22831.35,6172.46
20190510,340422115,10153.38,3265.87
20190510,340422117,28584.21,7967.36
20190510,340422118,38982.02,6810.17
20190510,340422119,18237.17,3598.56
20190510,340422120,21750.97,4543.89
20190510,340422121,39477.89,6177.54
20190510,340422122,27509.31,5801.26
20190510,340422123,12622.5,2319.99
20190510,340422125,18563.83,3736.64
20190510,340422126,28504.03,4695.92
20190510,340422127,14174.88,2558.58
20190510,340422128,35815.51,6984.35
20190510,340422129,13937.01,3596.87
20190510,340501001,6164.07,1268.38
20190510,340501003,14647.35,2556.79
20190510,340501004,10775.44,1425.71
20190510,340501006,5087.95,1118.18
20190510,340501007,8771.54,1608.25
20190510,340501008,6524.01,2106.91
20190510,340501009,19739.61,2864.62
20190510,340501010,9727.24,2487.63
20190510,340501012,8298.58,2047.8
20190510,340501013,7314.41,1132.09
20190510,340501014,19381.31,2357.64
20190510,340501015,8835.66,1496.62
20190510,340501016,4727.82,795.33
20190510,340501017,11241.63,1764.52
20190510,340501019,19135.5,4401.67
20190510,340501020,12819.36,1920.29
20190510,340501021,14834.48,2115.92
20190510,340501023,13257.17,1424.78
20190510,340501025,11338.44,2200.17
20190510,340501029,14591.64,2182.44
20190510,340501030,18871.58,3580.15
20190510,340521001,37161.32,6702.06
20190510,340521003,15047.57,2381.28
20190510,340521004,21738.96,4782.07
20190510,340521006,28847.44,3481.34
20190510,340521010,23160.21,5478.5
20190510,340521011,11830.08,2774.08
20190510,340521012,22887.97,6735.95
20190510,340521013,20829.39,3161.17
20190510,340521014,20934.09,3961.2
20190510,340521017,12671.6,3213.72
20190510,340521019,14807.12,3620.42
20190510,340521020,22498.56,4247.22
20190510,340521021,28946.49,5480.91
20190510,340521022,31585.77,5317.45
20190510,340521023,22417.34,5940.08
20190510,340521024,18193.56,5927.33
20190510,340521025,9893.47,3949.79
20190510,340522001,15617.44,3108.33
20190510,340522003,24569.74,4847.05
20190510,340522004,10795.29,1787.76
20190510,340522006,27200.14,6231.76
20190510,340522007,13520.62,3570.13
20190510,340522008,18918.33,5712.66
20190510,340522009,15452.18,3764.16
20190510,340522010,6910.53,1447.56
20190510,340522011,11150.56,2051.6
20190510,340522013,30341.35,4542.73
20190510,340522015,6542.71,1530.75
20190510,340523001,34954.46,7065.14
20190510,340523002,18930.52,4136
20190510,340523004,14733.67,2394.95
20190510,340523005,31730.49,4964.22
20190510,340523006,15877.26,2115.25
20190510,340523007,17498.51,5558.97
20190510,340523008,30477.13,5536.57
20190510,340523009,23415.03,6724.64
20190510,340523010,21345.56,4569.96
20190510,340523012,41897.11,6227.73
20190510,340523013,21951.88,3148.77
20190510,340601002,9839.54,2729.16
20190510,340601003,12162.39,2272.61
20190510,340601006,12011.64,3968.47
20190510,340601007,14608.82,4536.77
20190510,340601008,13790.2,4172.56
20190510,340601009,16104.86,4799.21
20190510,340601010,8803.76,1900.33
20190510,340601011,20377.57,3952.53
20190510,340601013,25737.54,4369.44
20190510,340601016,9261.19,2070.05
20190510,340601017,13163.79,3241.22
20190510,340601018,12937.73,1890.28
20190510,340601019,12693.37,2031.2
20190510,340601020,11536.58,1791.32
20190510,340601021,20343.77,4311.36
20190510,340601023,14348.32,2263.19
20190510,340601024,11806.98,2615.1
20190510,340601026,32749.98,5710.5
20190510,340601027,15857.14,3863.83
20190510,340601028,12176.96,3210.87
20190510,340601030,21714.79,5654.5
20190510,340601031,26444.26,5612.47
20190510,340601032,27723.69,5283.42
20190510,340601033,31927.19,6095.85
20190510,340601036,43827.48,8331.28
20190510,340621002,19522.22,4570.19
20190510,340621003,18307.14,5416.52
20190510,340621005,32023.16,6278.34
20190510,340621006,32697.92,10130.76
20190510,340621007,50582.08,9298.23
20190510,340621010,10866.65,2052.62
20190510,340621012,35875.76,7553.57
20190510,340621013,40771.6,8620.69
20190510,340621014,29897.29,7569.53
20190510,340621015,31747.05,7472.49
20190510,340621016,50867.25,11523.17
20190510,340621017,13363.96,3952.49
20190510,340621018,44055.57,12724.72
20190510,340621019,49895.99,15781.24
20190510,340621020,22895.85,5901.63
20190510,340621021,31331.32,7531.73
20190510,340621023,42300.05,9908.31
20190510,340621031,28253.8,6172.85
20190510,340621034,19120.43,5373.09
20190510,340701004,4909.17,1408.55
20190510,340701005,11825.6,2929.94
20190510,340701007,23474.62,4576.32
20190510,340701008,13447.4,2591.82
20190510,340701009,11962.23,2624.21
20190510,340701010,12448.56,2740.16
20190510,340701011,9140.75,2718.68
20190510,340701012,8483.29,1726.62
20190510,340701013,14470.58,2392.97
20190510,340701014,6095.06,1507.27
20190510,340701015,37161.5,5806.83
20190510,340701017,15093.69,2554.11
20190510,340701018,19683.03,3233.16
20190510,340701019,5865.3,2059.07
20190510,340701020,11255.7,2554.08
20190510,340701021,25019.65,3522.8
20190510,340701022,7319.62,1788.64
20190510,340701023,6805.42,1116.2
20190510,340701025,17753.53,4057.22
20190510,340701028,13965.49,2418.4
20190510,340701035,16468.7,2900.13
20190510,340701036,25510.8,3099.4
20190510,340701037,10246.58,1392.41
20190510,340701038,25249.33,3465.47
20190510,340701039,16755.87,2048.64
20190510,340701040,14824.22,1765.1
20190510,340701041,26473.03,3327.05
20190510,340701042,27390.4,3657.41
20190510,340701043,9364.38,1689.53
20190510,340701044,13662.94,1858.88
20190510,340701045,10858.06,1677.79
20190510,340701046,15999.94,1888.06
20190510,340701047,20547.56,3156.84
20190510,340701048,6724.43,1071.71
20190510,340722102,17222.69,1599.27
20190510,340722103,32697.28,5324.36
20190510,340722104,20054.41,1876.84
20190510,340722105,29028.57,3612.18
20190510,340722106,38845.73,3844.59
20190510,340722107,66720.04,7445.82
20190510,340722108,40657.29,4210.66
20190510,340722109,51894.27,4011.41
20190510,340722110,44323.71,3518.74
20190510,340722111,39251.46,3120.13
20190510,340722112,92797.62,10246.96
20190510,340722113,40901.16,4778.96
20190510,340722114,51295.25,5352.54
20190510,340722115,22864.42,2509.75
20190510,340722116,15744.15,1031.5
20190510,340722118,15908.14,1893.53
20190510,340722119,52522.55,5031.9
20190510,340722121,19335.33,2665.53
20190510,340722122,36782.06,3419.71
20190510,340722123,26030.88,2561.43
20190510,340722124,33563.55,3403.42
20190510,340722125,31427.25,2629.54
20190510,340722126,30556.64,6935.19
20190510,340801003,29263.36,4239.18
20190510,340801004,27083.24,3884.64
20190510,340801005,19271.99,1658.33
20190510,340801006,35820.23,11010.66
20190510,340801007,14042.4,3540.64
20190510,340801012,24573.79,2076.67
20190510,340801013,17055.14,2007.48
20190510,340801015,21632.26,3042.31
20190510,340801016,12180.22,1747.7
20190510,340801017,24971.41,1901.28
20190510,340801018,34360.6,3840.71
20190510,340801019,30243.93,4491.96
20190510,340801020,35633.61,4162.98
20190510,340801021,21599.9,4334.44
20190510,340801022,32318.73,6733.74
20190510,340801023,30567.38,5517.8
20190510,340801024,20713.89,3816.27
20190510,340801025,23618.17,6768.1
20190510,340801032,40373.78,5964.07
20190510,340801033,59181.25,7820.76
20190510,340801034,31278.43,11200.94
20190510,340822002,20161.98,2967.56
20190510,340822003,31561.2,3381.59
20190510,340822004,49100.87,10724.01
20190510,340822005,21222.76,4601.98
20190510,340822006,82224.66,8807.79
20190510,340822007,26087.92,4206.62
20190510,340822008,30114.28,6461.12
20190510,340822009,57199.24,8760.03
20190510,340822010,24413.92,4501.39
20190510,340822013,33023.8,4443.43
20190510,340822014,31329.82,4183.85
20190510,340822015,32605.57,4173.35
20190510,340822016,38021.42,6801.39
20190510,340822018,26925.39,3153.26
20190510,340822019,28105.28,4758.27
20190510,340822020,20207.31,1812.65
20190510,340822022,30235.51,3108.44
20190510,340822023,30016.7,4742.25
20190510,340822025,52675.4,8153.72
20190510,340822026,67690.8,8770.24
20190510,340822028,26467.77,3511.24
20190510,340822031,9674.45,1198.1
20190510,340824002,35888.96,5479.39
20190510,340824003,23942.03,2096.54
20190510,340824004,29814.93,4304.01
20190510,340824005,42377.07,5680.06
20190510,340824006,42464.79,9995.08
20190510,340824007,9188.39,1329.23
20190510,340824008,20256.94,3926.05
20190510,340824010,18802.03,2796.39
20190510,340824011,36129.28,4298.74
20190510,340824013,34382.38,6007.7
20190510,340824014,21501.42,4607.83
20190510,340824015,22991.86,3849.89
20190510,340824016,26581.21,3696.12
20190510,340824017,18051.64,2785.06
20190510,340824018,20635.19,3397.35
20190510,340824019,29647.74,3843.61
20190510,340824020,21181.8,4104.92
20190510,340824021,20447.56,5069.67
20190510,340825001,25545.81,4556.22
20190510,340825002,27803.71,5599.44
20190510,340825003,14590.17,2315.89
20190510,340825004,33697.86,11705.16
20190510,340825005,15068.28,4289.97
20190510,340825006,17078.21,4605.5
20190510,340825007,17287.31,3257.21
20190510,340825008,13225.12,4139.07
20190510,340825009,22723.28,5138.38
20190510,340825010,14149.6,3920.3
20190510,340825012,38266.72,7177.39
20190510,340825013,11232.65,3277
20190510,340825014,41169.21,7907.44
20190510,340825016,32410.13,8603.95
20190510,340825017,26187.57,5926.43
20190510,340826002,41394.44,8900.73
20190510,340826003,33534.22,5276.7
20190510,340826004,34986.3,6104.82
20190510,340826005,18128.28,3247.23
20190510,340826006,45705.26,10276.9
20190510,340826007,45088.66,10888.48
20190510,340826008,36820.91,9965.31
20190510,340826009,19992.28,5694.01
20190510,340826010,35157.03,8658.43
20190510,340826011,28046.95,6082.99
20190510,340826012,25102.39,5952.56
20190510,340826013,28374.34,7143.11
20190510,340826014,33194.81,6651.11
20190510,340826017,46381.43,9214.85
20190510,340826018,26930.86,7124.76
20190510,340826019,47122.24,9665.68
20190510,340826020,39588.75,10163.07
20190510,340826021,24997.78,4369.98
20190510,340826022,24682.9,4819.96
20190510,340827001,15022.67,2972.56
20190510,340827002,24356.81,4714.71
20190510,340827003,78673.74,10949.21
20190510,340827004,80545.63,12024.79
20190510,340827006,22710.34,4975.21
20190510,340827007,39774.34,4858.56
20190510,340827008,40306.98,7520.57
20190510,340827009,35829.23,6546.28
20190510,340827010,11540.58,1549.03
20190510,340827011,23624.11,4534.55
20190510,340827013,28967.96,4439.7
20190510,340827014,19849.47,3989.12
20190510,340827015,25113.4,5496.88
20190510,340827016,17371.54,4749.97
20190510,340827017,16016.66,2657.1
20190510,340827019,45281.17,5388.26
20190510,340827020,31713.33,5241.26
20190510,340827021,31228.62,4059.83
20190510,340827022,28133.09,6052.8
20190510,340827023,27945.8,4333.44
20190510,340828001,14650.23,4040.08
20190510,340828003,29123.75,5960.6
20190510,340828004,25090.89,8939.5
20190510,340828005,17095.37,5547.66
20190510,340828006,18664.8,4962.65
20190510,340828007,11564.95,2792.61
20190510,340828008,28910.85,4931.27
20190510,340828009,29448.58,5739.83
20190510,340828010,8701.59,2280.95
20190510,340828011,14044.36,4177.54
20190510,340881001,33828.2,5040.84
20190510,340881002,23246.79,3604.16
20190510,340881003,36257.1,5282.34
20190510,340881004,23808.94,2200.9
20190510,340881005,23504.13,2965.61
20190510,340881007,29341.9,2879.61
20190510,340881008,26701.08,2562.67
20190510,340881009,23884.34,3527.49
20190510,340881010,40044.59,5221.56
20190510,340881012,47053.68,6074.04
20190510,340881013,41915.04,4587.72
20190510,340881014,56477.7,7604.97
20190510,340881015,48233.79,6424.28
20190510,340881016,30208.96,4173.89
20190510,340881017,30236.96,3784.08
20190510,340881018,28072.67,4379.85
20190510,340881019,27236.57,2364.08
20190510,340881020,19055.57,2538.11
20190510,340881022,42401.24,4640.95
20190510,341001003,12338.22,3666.51
20190510,341001004,9320.56,2142.58
20190510,341001005,9804.03,2219.05
20190510,341001006,18586.55,2842.32
20190510,341001007,11439.24,2454.04
20190510,341001015,9108.44,1346.15
20190510,341003004,10380.84,1618.09
20190510,341003006,7654.99,1147.14
20190510,341003007,9777.61,1341.44
20190510,341003008,12872.42,2344.53
20190510,341003011,6455.9,854.75
20190510,341003012,6393.29,845.91
20190510,341003013,4242.44,815.69
20190510,341003014,3798.16,656.18
20190510,341003015,12647.86,1506.28
20190510,341003016,8658.25,1173.54
20190510,341003017,12470.34,2211.17
20190510,341003018,16237.98,2364.87
20190510,341003019,9741.21,1533.53
20190510,341003020,4219.13,446.3
20190510,341003022,5496.19,1435.65
20190510,341003023,3325.32,447.73
20190510,341021001,14253.13,1600.67
20190510,341021003,22497.97,3527.14
20190510,341021004,12058.06,1695.35
20190510,341021005,11101.78,1529.52
20190510,341021007,11834.8,1933.59
20190510,341021008,9343.3,1550.28
20190510,341021009,12328.94,1256.82
20190510,341021010,7820.39,842.43
20190510,341021011,21423.96,3410.63
20190510,341021012,22844.1,2854.04
20190510,341021013,6047.65,776.85
20190510,341021014,10221.59,1114.27
20190510,341021015,10459.49,1506.56
20190510,341021016,4929.25,763.27
20190510,341021017,16711.97,2171.61
20190510,341021018,16660.2,2631.01
20190510,341021019,19183.79,1982.63
20190510,341021022,15380.46,1878.57
20190510,341021024,3666.73,600.94
20190510,341021025,18563.19,2806.31
20190510,341021026,7542.43,811.07
20190510,341022003,8115.26,1161.29
20190510,341022004,10185.73,1358.61
20190510,341022005,14731.41,1097.95
20190510,341022006,14739.58,1598.82
20190510,341022008,6614.07,960.73
20190510,341022009,8822.07,943.38
20190510,341022010,11083.96,934.19
20190510,341022011,7347.51,1077.82
20190510,341022012,16889.28,2003.43
20190510,341022013,10525.43,1184.77
20190510,341022014,11498.64,1778.44
20190510,341023001,8314.92,1693.02
20190510,341023003,6165.92,1366.97
20190510,341023004,9947.28,1537.53
20190510,341023005,2734.81,376.14
20190510,341023006,3991.06,556.95
20190510,341023007,5316.34,1123.68
20190510,341024003,11340.55,842.37
20190510,341024004,11777.57,1169.18
20190510,341024005,14210.2,1726.31
20190510,341024006,19494.14,1931.71
20190510,341024007,18285.96,1659.9
20190510,341024008,11241.18,1646.53
20190510,341024009,16380.79,1949.9
20190510,341024010,9140.41,531.37
20190510,341101003,18005.85,3393.63
20190510,341101004,12738.69,2363.21
20190510,341101005,45214.54,8031.88
20190510,341101006,18863.92,2862.28
20190510,341101008,21578.55,3240.38
20190510,341101010,21184.36,4968.44
20190510,341101011,12728.61,2929.1
20190510,341101012,17826.49,3183.74
20190510,341101013,20286.36,3708.31
20190510,341101014,19174.3,3967.03
20190510,341101018,17126.66,2779.21
20190510,341101019,21863.04,4642.68
20190510,341122002,17631.86,3600.02
20190510,341122003,22280.3,4249.09
20190510,341122004,21090.49,4864.66
20190510,341122005,21281.53,8841.14
20190510,341122006,17954.74,2917.52
20190510,341122007,25032.32,3651.15
20190510,341122008,27003.02,6761.41
20190510,341122009,33423.59,4800.11
20190510,341122011,27467.51,3025.85
20190510,341124002,9518.48,2189.67
20190510,341124003,27008.71,6983.38
20190510,341124004,23136.57,3891.72
20190510,341124005,18593.77,3039.71
20190510,341124007,9187.86,2248.44
20190510,341124008,14625.43,3397.5
20190510,341124009,13684.26,3142.8
20190510,341124010,9892.45,2264.31
20190510,341124011,14953.46,2412.1
20190510,341124012,12835.54,4413.57
20190510,341124013,26268.29,4671.04
20190510,341125002,28970.9,11461.96
20190510,341125003,20639.57,6450.46
20190510,341125004,24143.65,6020.08
20190510,341125005,19771.26,5613.26
20190510,341125006,31222.36,6446.74
20190510,341125008,16081.94,4465.62
20190510,341125009,29356.31,7631.76
20190510,341125010,12630.22,3721.36
20190510,341125011,11875.31,3223.26
20190510,341125012,18766.07,6981.88
20190510,341125013,9862.98,3276.13
20190510,341126002,39159.4,15527.63
20190510,341126003,14371.76,11470.4
20190510,341126005,25860.12,7637.85
20190510,341126006,24141.57,12042.58
20190510,341126007,18965.5,5591.72
20190510,341126008,25838.04,9318.06
20190510,341126009,25654.92,10204.08
20190510,341126010,22383.17,7309.26
20190510,341126012,13501.19,3761.11
20190510,341181001,28737.45,4786.13
20190510,341181002,53282.91,10823.04
20190510,341181003,20879.1,5613.53
20190510,341181004,28098.6,6161.35
20190510,341181005,22915.95,4192.13
20190510,341181006,25983.83,5070.52
20190510,341181008,17194.32,3173.11
20190510,341181009,38014.33,12519.3
20190510,341181010,32800.63,5017.65
20190510,341181012,15320.35,3453.51
20190510,341181013,32900.69,5108.26
20190510,341181014,25510.54,3846.55
20190510,341182002,7764.62,1581.57
20190510,341182003,17430.08,5276.35
20190510,341182004,14691.38,2553.19
20190510,341182005,13408.64,3712.66
20190510,341182006,18613.26,4746.19
20190510,341182007,14530.49,5146.55
20190510,341182008,7737.25,2668.93
20190510,341182009,16854.69,5117.46
20190510,341182010,28440.25,6445.09
20190510,341182011,6126.95,832.54
20190510,341182013,19792.09,5180.67
20190510,341182014,18454.05,5335.51
20190510,341182015,20138.05,6687.61
20190510,341182016,10379.56,3245.72
20190510,341201001,21829.18,7033.08
20190510,341201002,12386.02,3510.86
20190510,341201003,11360.89,4551.33
20190510,341201004,21241.72,5890.08
20190510,341201005,30610.29,5509.32
20190510,341201007,13869.21,3308.24
20190510,341201008,18887.61,4954.86
20190510,341201009,24356.58,5891.39
20190510,341201011,14348.38,4593.4
20190510,341201012,29438.35,9477.5
20190510,341201013,23941.64,5762.1
20190510,341201014,10918.57,3507.91
20190510,341201015,20412.51,5754.49
20190510,341201016,18321.39,4093.28
20190510,341201017,20890.19,5915.03
20190510,341201018,21077.05,4767.01
20190510,341201019,20948.16,8314.97
20190510,341201020,32785.73,6901.58
20190510,341201021,20872.4,4757.45
20190510,341201023,34401.25,7030.56
20190510,341201025,34552.63,8886.01
20190510,341201026,25816.04,5238.27
20190510,341201027,31828.79,6151.18
20190510,341201028,34569.52,6706.08
20190510,341201030,44042.83,8593.79
20190510,341201031,19976.63,4110.5
20190510,341201032,19020.87,3976.56
20190510,341201033,31537.37,6235.18
20190510,341201034,28566.77,5846.8
20190510,341201035,13280.31,5697
20190510,341201037,17422.73,8117
20190510,341201038,20974.96,8377.79
20190510,341201042,34083.4,7825.3
20190510,341221001,48895.81,13578.62
20190510,341221002,38830.29,13148.74
20190510,341221003,38573.62,11444.79
20190510,341221004,45597.64,13236.78
20190510,341221005,39578.45,10841.7
20190510,341221006,40836.57,11643.85
20190510,341221007,46898.51,13135.88
20190510,341221008,38399.35,10671.81
20190510,341221009,34234.66,12284.03
20190510,341221010,52567.63,13127.09
20190510,341221011,34929.55,8891.58
20190510,341221012,71669.34,21794.42
20190510,341221013,49377.97,15255.65
20190510,341221015,30986.37,8248.21
20190510,341221016,34244.05,9148.81
20190510,341221017,36395.16,12610.36
20190510,341221018,37042.93,8921.21
20190510,341221019,54942.59,16159.39
20190510,341221020,34330.65,7608.34
20190510,341221021,40546.26,9945.88
20190510,341221022,32022.9,10803.7
20190510,341221023,37417.38,10003.03
20190510,341221024,22519.38,6358.91
20190510,341221025,20907.16,6949.26
20190510,341221026,39262.59,10434.54
20190510,341221027,41577.01,11598.82
20190510,341221028,30710.94,9050.91
20190510,341222001,25812.52,9895.81
20190510,341222002,18939.57,6019.37
20190510,341222003,36252.11,10396.26
20190510,341222004,10652.37,3969.64
20190510,341222005,24902.16,7722.03
20190510,341222006,15421.44,4901.42
20190510,341222007,36294.17,9065.76
20190510,341222009,31317.52,9894.19
20190510,341222010,57869.94,7917.75
20190510,341222011,68662.36,10385.29
20190510,341222012,47833.59,7867.23
20190510,341222013,51366.87,9777.9
20190510,341222014,74005.88,14415.28
20190510,341222015,47218.09,10552.91
20190510,341222016,53795.37,11416.82
20190510,341222017,42160.34,9775.11
20190510,341222018,48510.11,16731.8
20190510,341222019,72190.89,14372.86
20190510,341222020,34858.58,7655.92
20190510,341222021,44580.89,7805.16
20190510,341222022,43803.73,5820.71
20190510,341222023,32795.77,10120.72
20190510,341222024,48290.14,8709.57
20190510,341222025,51576.63,11103.94
20190510,341222026,43788.08,12044.53
20190510,341222027,38401.85,8467.31
20190510,341222028,28425.89,10077.17
20190510,341222029,34697.7,8073.26
20190510,341222030,38352.81,6515.06
20190510,341222031,32129.99,5747.98
20190510,341222035,26352.82,7139.11
20190510,341225001,19443.47,5751.41
20190510,341225002,21308.48,6506.6
20190510,341225003,21373.53,5741.25
20190510,341225004,30470.81,8411.24
20190510,341225005,13418.98,4020.83
20190510,341225006,48775.24,14633.94
20190510,341225008,30104.57,8534.4
20190510,341225009,33100.17,8943.92
20190510,341225011,30244.55,7215.69
20190510,341225012,26529.99,9283.43
20190510,341225013,50146.55,15040.69
20190510,341225014,34174.55,11018.54
20190510,341225015,49127.77,13751.21
20190510,341225016,32051.26,8097.25
20190510,341225017,34133.84,10509.17
20190510,341225018,59009.6,12661.27
20190510,341225019,27483.97,5683.67
20190510,341225020,29160.97,6392.42
20190510,341225021,36550.08,9330.69
20190510,341225023,19737.33,6874.55
20190510,341225027,20188.72,5308.16
20190510,341226001,26366.88,9459.63
20190510,341226002,41897.8,12905.16
20190510,341226004,27754.5,10539.75
20190510,341226005,36865.78,8869.93
20190510,341226006,26332.5,6757.76
20190510,341226007,22871.81,4801.86
20190510,341226008,23865.83,5735.89
20190510,341226009,31172.69,9360.34
20190510,341226011,23251.64,5920.04
20190510,341226012,26122.4,4699
20190510,341226013,18754.13,6247.27
20190510,341226014,26182.75,6677.95
20190510,341226015,27736.32,6829.03
20190510,341226016,24481.31,8749.72
20190510,341226017,18678.2,4103.68
20190510,341226018,28946.59,7191.56
20190510,341226019,30674.32,8024.09
20190510,341226020,21750.4,4354.68
20190510,341226021,30867.83,9203.74
20190510,341226022,25690.25,9201.27
20190510,341226023,11979.11,4814.58
20190510,341226026,16062.96,5813.47
20190510,341282001,21695.3,4817.15
20190510,341282002,21190.93,5116.91
20190510,341282003,34125.4,9927.47
20190510,341282004,25956.69,7106.05
20190510,341282005,34142.56,9614.52
20190510,341282006,46060.98,12309.36
20190510,341282007,34674.22,9591.27
20190510,341282008,31443.36,7001.66
20190510,341282009,26362.58,5565.59
20190510,341282010,20884.37,6241.31
20190510,341282011,32387.54,7571.51
20190510,341282013,36954.61,9902.61
20190510,341282014,25142.03,6479.03
20190510,341282015,26034.41,4936.23
20190510,341282016,37643.53,5980.87
20190510,341282019,24852.4,5987.41
20190510,341301001,28083.88,6979
20190510,341301002,12858.81,3653.16
20190510,341301003,10094.9,4906.54
20190510,341301004,30518.66,9865.35
20190510,341301005,25745.72,8113.19
20190510,341301006,19336.23,5467.76
20190510,341301007,19382.01,5137.47
20190510,341301009,24562.44,8446.05
20190510,341301010,27807.61,8784.13
20190510,341301011,14963.12,5247.21
20190510,341301012,12669.04,4841.39
20190510,341301013,32282.11,8999.78
20190510,341301014,33704.04,12699.48
20190510,341301015,45723.61,17782.32
20190510,341301017,22418.52,7082.65
20190510,341301020,30576.48,9033.46
20190510,341301021,23296.79,6857.26
20190510,341301023,42756.73,15824.06
20190510,341301025,43504.09,18264.07
20190510,341301026,43983.76,17065.12
20190510,341301027,52221.38,24407.08
20190510,341301028,42733.86,16231.38
20190510,341301029,32884.61,9288.16
20190510,341301030,30249.29,10149.82
20190510,341301032,40439.59,17575.87
20190510,341301034,32209.63,9269.49
20190510,341301036,19683.68,5509.57
20190510,341301038,26371.16,9363.71
20190510,341301039,21059.72,4576.8
20190510,341301040,49625.05,18423.45
20190510,341301041,26645.58,9885.81
20190510,341321001,21779.52,8796.46
20190510,341321002,17113.31,7551.05
20190510,341321003,19956.38,8580.32
20190510,341321004,43532.53,18432.06
20190510,341321005,32721.08,9402.72
20190510,341321006,31999.75,14860.87
20190510,341321007,52421.49,21612.76
20190510,341321008,20969.84,8034.78
20190510,341321009,28113.4,8352.6
20190510,341321010,15948.17,5203.16
20190510,341321011,24141.04,8245.25
20190510,341321012,29278.17,12115.47
20190510,341321013,34632.69,13289.12
20190510,341321014,41658.47,14809.27
20190510,341321016,17298.4,5849.57
20190510,341321017,28335.68,10257.35
20190510,341321018,32526.27,14330.64
20190510,341321019,34235.5,12608.41
20190510,341321020,19510.84,8451.31
20190510,341321021,34382.69,12961.32
20190510,341321022,27360.55,9657.07
20190510,341321023,15547.51,5232.56
20190510,341322002,60163.87,18952.67
20190510,341322004,26118.84,9002.26
20190510,341322005,34517.28,11901.71
20190510,341322006,44704.36,12909.9
20190510,341322007,28459.94,8205.36
20190510,341322008,20580.06,5854.02
20190510,341322012,18074,4670.82
20190510,341322013,27344.09,7083.29
20190510,341322014,32231.7,12956.81
20190510,341322015,40547.98,12032.6
20190510,341322016,19476.03,6292.6
20190510,341322017,31621.19,8802.16
20190510,341322018,19979.17,8645.36
20190510,341322019,18684.94,6616.26
20190510,341322020,18651.21,6737.05
20190510,341322021,18870.5,7331.33
20190510,341322022,24956.42,6937.74
20190510,341322023,38135.92,14085.04
20190510,341322024,18805.23,7601.39
20190510,341322025,19734.86,7448.89
20190510,341322026,33030,12738.91
20190510,341323002,26240.98,11701.96
20190510,341323003,29055.31,15047.64
20190510,341323004,32239.08,16764.29
20190510,341323005,37354.88,20241.89
20190510,341323006,39320.9,20599.69
20190510,341323008,29393.93,12209.65
20190510,341323009,31689.98,11672.27
20190510,341323010,42777.12,20875.07
20190510,341323011,32772.48,11464.79
20190510,341323012,34248.73,14350.05
20190510,341323013,39301.61,13642.2
20190510,341323014,29704.85,12591.83
20190510,341323016,23144.11,11670.67
20190510,341323017,25140.49,9648.66
20190510,341323018,37630.78,13134.97
20190510,341323019,35070.96,14885.15
20190510,341323020,26009.79,12733.09
20190510,341324001,31734.36,11502.25
20190510,341324003,35836.79,11515.65
20190510,341324004,33282.82,13390.78
20190510,341324005,58372.33,19730.58
20190510,341324006,38335.8,14672.55
20190510,341324007,44953.65,14876.78
20190510,341324008,27274.86,9203.97
20190510,341324009,38416.29,16379.61
20190510,341324010,39463.36,19281.86
20190510,341324011,37615.97,18146.62
20190510,341324012,41288.93,13517.17
20190510,341324015,14012.97,5161.09
20190510,341501001,20074.47,4965.77
20190510,341501002,21740.06,4111.59
20190510,341501003,26527.1,5167.73
20190510,341501005,21206.93,5704.18
20190510,341501007,26161.55,4449.3
20190510,341501008,22694.96,5908.38
20190510,341501011,27733.02,6227.03
20190510,341501012,37675.22,7293.18
20190510,341501013,42082.39,3269.84
20190510,341501014,28431,5266.72
20190510,341501015,56812.71,10767.07
20190510,341501017,27947.83,5327.22
20190510,341501018,41418.65,4323.84
20190510,341501019,22400.43,2889.44
20190510,341501020,44167.56,7517.72
20190510,341501021,44476.07,5685.2
20190510,341501022,25938.96,4573.55
20190510,341501023,50436.91,12999.68
20190510,341501024,31855.97,10688.43
20190510,341501025,25043.55,4316.44
20190510,341501026,18941.61,4568.07
20190510,341501027,23248.34,6010.09
20190510,341501028,26826.04,9687.2
20190510,341501029,19788,5093.81
20190510,341522001,26597.77,5654.62
20190510,341522002,25307.59,9004.24
20190510,341522004,41476.77,13756.69
20190510,341522005,53450.32,14325.28
20190510,341522006,37106.48,6609.25
20190510,341522007,40696.8,9857.51
20190510,341522008,30203.17,8843.53
20190510,341522009,30030.47,9861.73
20190510,341522010,28687.42,7581.67
20190510,341522011,31662.92,7267.52
20190510,341522012,44142.07,6061.64
20190510,341522013,37392.03,6740.2
20190510,341522014,25436.68,5335.18
20190510,341522015,44450.6,9446.46
20190510,341522016,25623.72,5435.64
20190510,341522018,23158.42,5606.06
20190510,341523001,57431.28,9939.43
20190510,341523003,27708.81,4532.99
20190510,341523004,22760,3405.88
20190510,341523005,42242.1,6168.99
20190510,341523006,23185.17,4341.58
20190510,341523007,17644.07,2554.71
20190510,341523008,21019.25,3409.28
20190510,341523009,30751.03,4879.18
20190510,341523010,34597.07,7702.1
20190510,341523011,25813.86,3501.38
20190510,341523012,33107.64,5524.74
20190510,341523013,45555.27,7025.94
20190510,341523014,12535.72,1849.89
20190510,341523015,27375.41,3894.65
20190510,341523016,22809.67,3983.18
20190510,341523017,36707.66,5961.91
20190510,341523018,37956.02,4285.02
20190510,341523019,31369.81,4455.08
20190510,341523020,32958.44,2677.75
20190510,341523021,22432.65,2759.58
20190510,341523022,34331.84,4433.53
20190510,341523023,27239.44,4171.68
20190510,341523025,32225.65,4166.77
20190510,341523026,25354.69,5755.86
20190510,341523028,5598.41,1215.64
20190510,341524001,19956.09,6430.59
20190510,341524003,11023.52,4339.02
20190510,341524004,31518.77,10268.98
20190510,341524006,25047.31,5256.28
20190510,341524007,22903.01,7534.6
20190510,341524008,28847.44,5588.4
20190510,341524009,21746.29,3608.47
20190510,341524011,48649.5,12221.98
20190510,341524012,23255.27,7399.01
20190510,341524014,25357.82,8138.48
20190510,341524017,17605.36,3923.69
20190510,341524018,7444.45,2257.29
20190510,341524019,12516.28,5555.91
20190510,341525002,37387.79,5000.13
20190510,341525003,32092.29,6550.38
20190510,341525004,12586.66,1844.37
20190510,341525005,17769.96,2439.66
20190510,341525006,21994.62,3944.11
20190510,341525007,11670.26,1923.13
20190510,341525008,24624.15,5652.21
20190510,341525009,15408.77,2298.87
20190510,341525010,16196.2,3162.01
20190510,341525011,25359.25,2496.83
20190510,341525013,17968.97,3236.59
20190510,341525014,30277.74,5777.84
20190510,341525015,17328.12,2050.17
20190510,341525016,18159.82,2863.33
20190510,341601001,9183.85,2661.61
20190510,341601002,6880.07,3177.91
20190510,341601003,14383.07,5623.06
20190510,341601004,8041.03,2665.68
20190510,341601005,10995.54,4055.44
20190510,341601006,15452.16,7979.87
20190510,341601007,13266.99,4411.79
20190510,341601008,9334.92,3695.92
20190510,341601009,6803.89,2805.05
20190510,341601010,6536.98,4751.84
20190510,341601011,4893.67,2545.47
20190510,341601012,8625.17,4036.07
20190510,341601013,8616.19,3045.96
20190510,341601014,13138.03,7514.56
20190510,341601015,8992.42,3348.08
20190510,341601016,5691.55,2278.94
20190510,341601018,25206.35,6761.56
20190510,341601019,39916.72,12269.5
20190510,341601020,30588.54,6883.55
20190510,341601022,22182.38,7609.4
20190510,341601023,28850.02,7414.01
20190510,341601024,21948.13,7993.5
20190510,341601025,24406.27,6816.01
20190510,341601027,49557.26,12034.33
20190510,341601028,30155.12,8272.93
20190510,341601029,29679.86,9146.51
20190510,341601030,14355.76,5467.43
20190510,341601031,23133.29,7273.01
20190510,341601037,12578.77,7410.29
20190510,341621002,17624.97,6227.26
20190510,341621003,17130.93,6662.34
20190510,341621004,19234.39,7163.39
20190510,341621005,19939.19,7535.8
20190510,341621007,43988.31,14205.91
20190510,341621008,29891.05,7524.99
20190510,341621009,15813.75,6437.93
20190510,341621010,10613.37,4066.95
20190510,341621011,36378.84,6845.06
20190510,341621012,32096.45,9123.86
20190510,341621013,37254.58,7882.76
20190510,341621014,29262.96,6673.4
20190510,341621015,39880.02,8725.99
20190510,341621016,40459.01,12299.9
20190510,341621017,31664.02,7750.55
20190510,341621018,19290.73,8822.6
20190510,341621019,24574,9275.16
20190510,341621020,20571.81,4085.76
20190510,341621021,33581.26,11902
20190510,341621022,39966.87,10416.61
20190510,341621023,31017.9,9111.24
20190510,341621024,15839.72,5322.09
20190510,341621025,22391.66,5756.89
20190510,341621026,34199.17,10151.15
20190510,341621027,22841.05,5198.36
20190510,341621028,30686.65,10357.95
20190510,341621029,37214.61,8687.59
20190510,341622001,24039.84,5258.44
20190510,341622002,30588.29,7047.69
20190510,341622003,20099.84,6188.64
20190510,341622004,15761.98,3803.94
20190510,341622005,36368.68,7197.95
20190510,341622006,21101.13,6108.94
20190510,341622007,22676.69,5675.44
20190510,341622008,29068.85,9747.45
20190510,341622009,22441.28,4826.77
20190510,341622010,32705.13,13453.39
20190510,341622012,22486.72,4847.96
20190510,341622013,37754.35,14879.4
20190510,341622014,23701.53,6860.2
20190510,341622015,42188.67,11422.56
20190510,341622016,37307.23,10769.95
20190510,341622017,24211.65,6155.95
20190510,341622018,24070.66,6794.86
20190510,341622019,21875.16,4277.86
20190510,341622020,23319.35,7165.01
20190510,341622021,23473.92,5312.76
20190510,341623001,20502.49,5282.57
20190510,341623002,18117.08,5553.94
20190510,341623003,43239.75,13043.77
20190510,341623005,18794.21,5083.12
20190510,341623006,33095.11,6613.9
20190510,341623008,17408.58,6488.44
20190510,341623009,14348.16,3147.81
20190510,341623010,21399.36,5660.79
20190510,341623011,32280.21,7470.28
20190510,341623012,35505.92,6019.64
20190510,341623013,47840.89,13177.41
20190510,341623014,41699.9,10432.96
20190510,341623015,16733.02,3071.48
20190510,341623016,43010.95,7093.24
20190510,341623017,21118.71,6273.78
20190510,341623018,29313.14,5689.72
20190510,341623019,24555.35,4644.64
20190510,341623020,33824.07,6740.08
20190510,341623021,29256.17,6460.23
20190510,341623022,23297.86,7030.89
20190510,341623023,15404.54,4138.44
20190510,341623024,26012.63,8577.82
20190510,341701002,14866.83,1765
20190510,341701005,9174.95,2421.32
20190510,341701007,22269.35,3727.32
20190510,341701008,15019.68,2669.06
20190510,341701009,18621.28,1952.71
20190510,341701011,20950.62,2377.12
20190510,341701012,26390.52,5057.65
20190510,341701013,12690.87,2160.99
20190510,341701014,14045.83,3062.95
20190510,341701015,12928.93,3230.89
20190510,341701016,20035.02,4468.37
20190510,341701017,30010.44,5907.43
20190510,341701018,17384.27,2694.07
20190510,341701019,15442.97,3054.51
20190510,341701020,9478.14,2514.35
20190510,341701021,11036.32,2281.69
20190510,341701022,31174.01,7888.03
20190510,341701023,25083,4244.27
20190510,341701024,12466.85,2987.15
20190510,341701025,27495.03,4199.68
20190510,341701026,29048.26,6042.75
20190510,341701027,6168.08,2631.9
20190510,341701028,16186.64,3146.14
20190510,341721002,47852.59,4527.23
20190510,341721004,35937.4,4694.41
20190510,341721005,30373.13,5212.12
20190510,341721006,31217.85,3452.77
20190510,341721007,27583.33,4812.46
20190510,341721008,17434.25,2853.52
20190510,341721009,23823.46,3125.67
20190510,341721010,35223.39,6272.47
20190510,341721011,40577.32,6671.95
20190510,341721012,22243.35,4142.64
20190510,341721013,9447.98,1429.2
20190510,341721014,12591.27,1991.31
20190510,341721015,7346.18,1091.08
20190510,341721016,31037.22,7159.64
20190510,341721017,9145.24,1928.9
20190510,341721018,20001.37,5056.02
20190510,341721019,45693.4,8659.96
20190510,341721020,26365.87,4192.71
20190510,341721021,14045.36,2391.61
20190510,341722002,12080.91,2789.13
20190510,341722003,5712.49,1274.28
20190510,341722004,12187.37,2652.24
20190510,341722005,8145.52,1445.99
20190510,341722006,10806.93,2549.69
20190510,341722007,21002.44,4081.65
20190510,341722008,9887.27,1951.54
20190510,341723001,17848.95,3831.29
20190510,341723003,13041.3,1763.09
20190510,341723004,21690.2,3502.62
20190510,341723005,13974.58,1743.14
20190510,341723006,15731.1,1848.66
20190510,341723007,13072.21,1835.31
20190510,341723008,23749.27,3949.22
20190510,341723009,8206.91,928.12
20190510,341723010,22879.93,3621.11
20190510,341723011,12718.56,2210.33
20190510,341723013,9257.6,1437.13
20190510,341801001,27708.25,5929.31
20190510,341801004,20754.64,3859.39
20190510,341801005,38422.38,11927.53
20190510,341801007,23248.48,6123.08
20190510,341801008,25168.39,4193.39
20190510,341801009,11229.64,2792.88
20190510,341801010,23719.88,5573.68
20190510,341801011,29919.32,6558.83
20190510,341801013,15495.39,2471.26
20190510,341801015,23959.67,6198.27
20190510,341801016,38326.54,6735.63
20190510,341801017,27994.76,5944.99
20190510,341801018,34436,7623.56
20190510,341821002,13577.93,3896.46
20190510,341821004,14061.16,2371.51
20190510,341821005,12829.7,2339.24
20190510,341821006,10650.14,1375.42
20190510,341821007,42308.93,7854.05
20190510,341821008,20715.22,5751.09
20190510,341821009,18458.04,3428.58
20190510,341821010,19451.23,5156.86
20190510,341822002,18861.8,5445.32
20190510,341822003,15018.01,3830.14
20190510,341822004,12999.35,4008.53
20190510,341822006,22020.14,6053.82
20190510,341822007,20134.39,5571.79
20190510,341822008,15039.47,4994.24
20190510,341822009,21728.33,5970.96
20190510,341822010,22953.11,6838.76
20190510,341822011,14709.93,5031.28
20190510,341822012,11802.03,3491.74
20190510,341823001,10454.23,1224.17
20190510,341823002,13506.18,2084.55
20190510,341823003,16641.4,2879.14
20190510,341823005,16325.51,2977.94
20190510,341823006,11171.12,2002.71
20190510,341823007,19630.98,2836.13
20190510,341823008,26354.08,3257.38
20190510,341823009,13466.97,2001.38
20190510,341823010,17343.15,3333.65
20190510,341823011,13147.17,2025.66
20190510,341823012,10326.42,1511.61
20190510,341823013,10920.75,2885.1
20190510,341823014,29283.05,6842.09
20190510,341823016,11060.61,3895.86
20190510,341824002,40477.7,12360.39
20190510,341824004,12980.38,2415.31
20190510,341824005,8973.6,1642.93
20190510,341824006,8629.93,1756.39
20190510,341824007,8977.7,1346.32
20190510,341824008,9957.87,1367.38
20190510,341824009,9172.04,1277.45
20190510,341825002,9009.04,1605.53
20190510,341825003,20352.75,3115.72
20190510,341825004,10058.17,2067.35
20190510,341825005,12602.13,3006.31
20190510,341825006,15980.28,3006.8
20190510,341825007,17824.45,3417.62
20190510,341825008,8405.71,2372.9
20190510,341825012,5254.84,1326.65
20190510,341881002,23818.35,4451.62
20190510,341881003,10441.38,2071.89
20190510,341881004,9422.36,2535.86
20190510,341881005,5003.55,1116.54
20190510,341881006,16107.56,4974.11
20190510,341881007,4793.67,1198.97
20190510,341881008,8146.46,2040.58
20190510,341881009,8508.77,1751.82
20190510,341881010,8756.18,2142.61
20190510,341881011,22016.89,6662.94
20190510,341881013,27108.96,5963.09
20190510,341881014,10790.21,2587.28
20190510,341881015,18485.65,7355.65
20190510,341881016,19927.88,5699.56
